544.0 29.0
523.0 40.0
544.0 51.0
523.0 55.0
700.0 193.0
187.0 200.0
188.0 205.0
496.0 219.0
502.0 219.0
202.0 223.0
234.0 234.0
499.0 236.0
409.0 242.0
402.0 245.0
742.0 246.0
676.0 247.0
153.0 249.0
492.0 255.0
497.0 255.0
620.0 255.0
681.0 255.0
162.0 256.0
743.0 258.0
446.0 259.0
487.0 264.0
492.0 264.0
452.0 266.0
171.0 267.0
230.0 270.0
681.0 271.0
492.0 273.0
446.0 275.0
220.0 276.0
186.0 278.0
204.0 282.0
736.0 286.0
189.0 287.0
676.0 293.0
126.0 304.0
491.0 304.0
133.0 305.0
486.0 305.0
451.0 307.0
734.0 307.0
445.0 308.0
483.0 309.0
706.0 310.0
437.0 311.0
709.0 311.0
727.0 316.0
716.0 317.0
733.0 317.0
737.0 317.0
722.0 318.0
706.0 319.0
626.0 324.0
609.0 325.0
587.0 327.0
636.0 328.0
571.0 329.0
621.0 329.0
630.0 329.0
223.0 331.0
726.0 331.0
592.0 332.0
715.0 332.0
736.0 332.0
724.0 333.0
713.0 334.0
144.0 335.0
698.0 335.0
227.0 337.0
631.0 337.0
641.0 337.0
644.0 337.0
626.0 338.0
635.0 338.0
200.0 339.0
222.0 339.0
609.0 339.0
603.0 340.0
590.0 341.0
597.0 341.0
214.0 342.0
574.0 343.0
184.0 344.0
561.0 344.0
204.0 346.0
173.0 347.0
180.0 352.0
185.0 352.0
230.0 358.0
490.0 358.0
225.0 359.0
461.0 360.0
471.0 360.0
452.0 361.0
220.0 362.0
213.0 364.0
208.0 366.0
454.0 367.0
203.0 368.0
198.0 369.0
188.0 371.0
183.0 372.0
178.0 373.0
172.0 374.0
168.0 375.0
201.0 389.0
231.0 389.0
513.0 392.0
184.0 393.0
508.0 393.0
470.0 394.0
169.0 395.0
465.0 395.0
107.0 397.0
200.0 398.0
231.0 398.0
107.0 399.0
194.0 400.0
109.0 401.0
513.0 402.0
507.0 403.0
464.0 404.0
470.0 404.0
739.0 405.0
508.0 411.0
164.0 412.0
458.0 413.0
464.0 413.0
584.0 414.0
739.0 415.0
109.0 417.0
180.0 426.0
170.0 435.0
739.0 435.0
163.0 438.0
641.0 439.0
464.0 441.0
584.0 441.0
641.0 447.0
205.0 448.0
192.0 450.0
463.0 450.0
470.0 450.0
513.0 450.0
167.0 451.0
179.0 451.0
229.0 451.0
507.0 451.0
169.0 452.0
497.0 454.0
584.0 455.0
219.0 460.0
739.0 460.0
640.0 462.0
583.0 464.0
189.0 465.0
176.0 468.0
228.0 472.0
175.0 473.0
138.0 480.0
142.0 480.0
136.0 482.0
222.0 484.0
229.0 484.0
206.0 485.0
212.0 485.0
276.0 485.0
196.0 488.0
229.0 488.0
272.0 490.0
535.0 491.0
145.0 497.0
117.0 498.0
122.0 498.0
119.0 499.0
486.0 502.0
432.0 506.0
