Vertex: (4.2757, 7.71626, 77.8223)
Vertex: (5.49065, 7.64706, 88.6248)
Vertex: (5.28037, 7.54325, 84.783)
Vertex: (9.2757, 7.16263, 137.342)
Vertex: (0.630841, 7.12803, 51.2067)
Vertex: (8.03738, 7.09343, 114.916)
Vertex: (3.15421, 7.05882, 59.776)
Vertex: (1.72897, 6.88581, 50.4038)
Vertex: (4.92991, 0.968858, 25.2427)
Vertex: (4.97664, 1.6609, 27.5255)
Vertex: (5.18692, 5.39792, 56.0417)
Vertex: (7.33645, 6.6782, 98.4218)
Vertex: (4.97664, 1.31488, 26.4958)
Vertex: (4.92991, 0.865052, 25.0523)
Vertex: (4.85981, 5.39792, 52.7554)
Vertex: (5.58411, 7.71626, 90.723)
Vertex: (9.39252, 7.02422, 137.559)
Vertex: (6.54206, 6.33218, 82.895)
Vertex: (4.88318, 1.5917, 26.3789)
Vertex: (6.98598, 5.0519, 74.3257)
Vertex: (8.03738, 6.88581, 112.014)
Vertex: (7.59346, 6.43599, 99.0825)
Vertex: (2.1729, 6.47059, 46.59)
Vertex: (5.11682, 5.39792, 55.3195)
Vertex: (1.33178, 6.609, 45.4525)
Vertex: (3.20093, 6.6436, 54.3834)
Vertex: (2.5, 6.6436, 50.3874)
Vertex: (1.7757, 7.02422, 52.4928)
Vertex: (7.33645, 7.02422, 103.163)
