4.90654182434082 0.4498269855976105
4.976635456085205 0.6574394702911377
4.90654182434082 0.7266436219215393
4.929906368255615 0.8650519251823425
4.929906368255615 0.9688581228256226
4.976635456085205 1.1072664260864258
4.976635456085205 1.3148789405822754
4.859813213348389 1.3494809865951538
4.859813213348389 1.4532872438430786
4.976635456085205 1.4532872438430786
4.976635456085205 1.5570933818817139
4.883177757263184 1.5916955471038818
4.976635456085205 1.6608996391296387
4.859813213348389 1.695501685142517
5.023364543914795 1.8685121536254883
5.607476711273193 2.491349458694458
6.985981464385986 4.775086402893066
6.985981464385986 5.051903247833252
2.8971962928771973 5.08650541305542
4.415887832641602 5.259515762329102
5.443925380706787 5.259515762329102
3.434579372406006 5.328719615936279
4.813084125518799 5.363321781158447
7.219625949859619 5.363321781158447
3.154205560684204 5.397923946380615
4.602803707122803 5.397923946380615
4.859813213348389 5.397923946380615
5.0 5.397923946380615
5.116822242736816 5.397923946380615
5.186915874481201 5.397923946380615
4.299065589904785 5.432526111602783
5.5607476234436035 5.432526111602783
5.67756986618042 5.432526111602783
3.5046730041503906 5.882352828979492
6.378504753112793 5.986159324645996
8.341121673583984 6.020761013031006
8.411214828491211 6.020761013031006
1.5186915397644043 6.055363178253174
3.5046730041503906 6.055363178253174
6.542056083679199 6.193771839141846
7.570093631744385 6.193771839141846
3.3177568912506104 6.297577857971191
7.8271026611328125 6.297577857971191
2.056074857711792 6.332180023193359
6.4485979080200195 6.332180023193359
6.542056083679199 6.332180023193359
7.663551330566406 6.366782188415527
9.205607414245605 6.366782188415527
2.2196261882781982 6.401383876800537
7.59345817565918 6.435986042022705
2.1728971004486084 6.470588207244873
9.205607414245605 6.470588207244873
2.289719581604004 6.505190372467041
7.009346008300781 6.505190372467041
7.056074619293213 6.539792537689209
2.8504672050476074 6.574394226074219
7.570093631744385 6.574394226074219
8.621495246887207 6.574394226074219
1.3317756652832031 6.608996391296387
6.658878326416016 6.608996391296387
7.383177757263184 6.608996391296387
2.5 6.643598556518555
3.200934648513794 6.643598556518555
7.336448669433594 6.678200721740723
8.317756652832031 6.678200721740723
1.5654205083847046 6.712802886962891
6.612149715423584 6.712802886962891
3.2710280418395996 6.747405052185059
6.892523288726807 6.747405052185059
2.54672908782959 6.782006740570068
2.967289686203003 6.782006740570068
1.8925234079360962 6.816608905792236
7.967289924621582 6.816608905792236
6.9392523765563965 6.851211071014404
7.313084125518799 6.851211071014404
8.154205322265625 6.851211071014404
1.7289719581604004 6.885813236236572
2.943925142288208 6.885813236236572
3.2710280418395996 6.885813236236572
8.037383079528809 6.885813236236572
0.8644859790802002 6.92041540145874
2.476635456085205 6.92041540145874
8.99532699584961 6.95501708984375
9.415887832641602 6.95501708984375
0.4672897160053253 6.989619255065918
0.8644859790802002 6.989619255065918
6.7289719581604 6.989619255065918
8.107476234436035 6.989619255065918
1.7757009267807007 7.024221420288086
2.757009267807007 7.024221420288086
7.126168251037598 7.024221420288086
7.336448669433594 7.024221420288086
7.40654182434082 7.024221420288086
9.158878326416016 7.024221420288086
9.275700569152832 7.024221420288086
9.392523765563965 7.024221420288086
0.5607476830482483 7.058823585510254
2.3598129749298096 7.058823585510254
2.8504672050476074 7.058823585510254
3.154205560684204 7.058823585510254
7.920560836791992 7.058823585510254
8.200934410095215 7.058823585510254
0.8644859790802002 7.093425750732422
8.037383079528809 7.093425750732422
9.112149238586426 7.093425750732422
0.5373831987380981 7.12802791595459
0.6308411359786987 7.12802791595459
0.7476635575294495 7.12802791595459
1.7523365020751953 7.12802791595459
8.130841255187988 7.12802791595459
9.228972434997559 7.12802791595459
9.345794677734375 7.12802791595459
9.158878326416016 7.1626296043396
9.275700569152832 7.1626296043396
0.7009345889091492 7.197231769561768
8.4579439163208 7.2318339347839355
6.612149715423584 7.404844284057617
1.9158878326416016 7.439446449279785
3.3177568912506104 7.439446449279785
4.929906368255615 7.439446449279785
9.415887832641602 7.474048614501953
0.49065420031547546 7.508650302886963
4.462616920471191 7.508650302886963
4.742990493774414 7.508650302886963
5.116822242736816 7.508650302886963
5.467289924621582 7.508650302886963
0.8878504633903503 7.543252468109131
5.280374050140381 7.543252468109131
4.1822428703308105 7.577854633331299
4.369158744812012 7.647058963775635
5.490653991699219 7.647058963775635
4.27570104598999 7.7162628173828125
5.584112167358398 7.7162628173828125
4.27570104598999 7.820069313049316
5.607476711273193 7.854671478271484
7.126168251037598 7.95847749710083
4.088785171508789 7.993079662322998
1.6588784456253052 8.096885681152344
4.95327091217041 8.858131408691406
9.439251899719238 9.100345611572266
0.44392523169517517 9.134947776794434
0.9345794320106506 9.134947776794434
8.971962928771973 9.134947776794434
2.4065420627593994 9.446366310119629
3.0841121673583984 9.446366310119629
6.752336502075195 9.446366310119629
7.126168251037598 9.446366310119629
2.8504672050476074 9.480968475341797
