4.867469787597656 0.21276596188545227
4.867469787597656 0.3191489279270172
4.939759254455566 0.4609929025173187
4.867469787597656 0.4964539110660553
4.891566276550293 0.6382978558540344
4.939759254455566 0.8865247964859009
4.939759254455566 1.0992907285690308
4.819277286529541 1.134751796722412
4.819277286529541 1.241134762763977
4.939759254455566 1.241134762763977
4.939759254455566 1.347517728805542
4.8433732986450195 1.3829786777496338
4.939759254455566 1.453900694847107
4.987951755523682 1.6666666269302368
5.590361595153809 2.304964542388916
7.012048244476318 4.645390033721924
7.012048244476318 4.787233829498291
2.7951807975769043 4.929078102111816
7.012048244476318 4.929078102111816
4.361445903778076 5.177304744720459
3.349397659301758 5.212766170501709
7.253012180328369 5.248227119445801
3.0602409839630127 5.283688068389893
4.5542168617248535 5.283688068389893
4.819277286529541 5.283688068389893
4.963855266571045 5.283688068389893
5.08433723449707 5.283688068389893
5.1566267013549805 5.283688068389893
5.349397659301758 5.283688068389893
5.42168664932251 5.283688068389893
4.240963935852051 5.319149017333984
4.481927871704102 5.319149017333984
5.6626505851745605 5.319149017333984
3.4216866493225098 5.780141830444336
6.385542392730713 5.886524677276611
8.409638404846191 5.921985626220703
8.481927871704102 5.921985626220703
1.373494029045105 5.957446575164795
6.5542168617248535 6.09929084777832
7.614457607269287 6.09929084777832
3.2289156913757324 6.205673694610596
7.879518032073975 6.205673694610596
1.9277108907699585 6.2411346435546875
6.457831382751465 6.2411346435546875
6.5542168617248535 6.2411346435546875
7.686747074127197 6.2411346435546875
2.0963854789733887 6.312056541442871
7.638554096221924 6.347517967224121
2.0481927394866943 6.382978916168213
9.301204681396484 6.382978916168213
2.1686747074127197 6.418439865112305
7.036144733428955 6.418439865112305
2.74698805809021 6.489361763000488
7.614457607269287 6.489361763000488
8.698795318603516 6.489361763000488
1.1807228326797485 6.52482271194458
2.819277048110962 6.52482271194458
6.674698829650879 6.52482271194458
7.42168664932251 6.52482271194458
2.385542154312134 6.560283660888672
3.108433723449707 6.560283660888672
7.3734941482543945 6.595744609832764
8.385541915893555 6.595744609832764
1.4216867685317993 6.6312055587768555
6.6265058517456055 6.6312055587768555
3.180722951889038 6.666666507720947
6.91566276550293 6.666666507720947
2.433734893798828 6.702127456665039
2.8674697875976562 6.702127456665039
8.048192977905273 6.737588882446289
7.349397659301758 6.773049831390381
8.216867446899414 6.773049831390381
0.6987951993942261 6.808510780334473
1.590361475944519 6.808510780334473
2.8433735370635986 6.808510780334473
3.180722951889038 6.808510780334473
7.036144733428955 6.808510780334473
8.096385955810547 6.808510780334473
2.361445665359497 6.8439717292785645
2.74698805809021 6.8439717292785645
9.08433723449707 6.879432678222656
9.518072128295898 6.879432678222656
0.28915661573410034 6.914893627166748
0.6987951993942261 6.914893627166748
6.746987819671631 6.914893627166748
8.16867446899414 6.914893627166748
1.6385542154312134 6.95035457611084
2.650602340698242 6.95035457611084
7.1566267013549805 6.95035457611084
7.3734941482543945 6.95035457611084
7.4457831382751465 6.95035457611084
9.253011703491211 6.95035457611084
9.373494148254395 6.95035457611084
9.493975639343262 6.95035457611084
0.3855421543121338 6.985815525054932
0.5301204919815063 6.985815525054932
2.240963935852051 6.985815525054932
2.74698805809021 6.985815525054932
3.0602409839630127 6.985815525054932
7.975903511047363 6.985815525054932
8.265060424804688 6.985815525054932
0.6987951993942261 7.021276473999023
8.096385955810547 7.021276473999023
9.204819679260254 7.021276473999023
0.3614457845687866 7.056737422943115
0.45783132314682007 7.056737422943115
0.6024096608161926 7.056737422943115
1.6144578456878662 7.056737422943115
8.192770957946777 7.056737422943115
9.325301170349121 7.056737422943115
9.445782661437988 7.056737422943115
9.277108192443848 7.092198371887207
9.373494148254395 7.092198371887207
0.5301204919815063 7.127659797668457
8.530120849609375 7.163120746612549
3.9518072605133057 7.269503593444824
3.2289156913757324 7.340425491333008
6.6265058517456055 7.340425491333008
1.783132553100586 7.3758864402771
4.891566276550293 7.3758864402771
5.060240745544434 7.3758864402771
9.518072128295898 7.411347389221191
0.3132530152797699 7.446808338165283
4.409638404846191 7.446808338165283
4.698795318603516 7.446808338165283
5.08433723449707 7.446808338165283
5.4457831382751465 7.446808338165283
9.108433723449707 7.446808338165283
0.6987951993942261 7.482269287109375
5.253012180328369 7.482269287109375
4.120481967926025 7.517730712890625
4.313252925872803 7.588652610778809
5.469879627227783 7.588652610778809
5.566265106201172 7.659574508666992
4.240963935852051 7.695035457611084
4.216867446899414 7.765957355499268
5.590361595153809 7.801418304443359
4.024096488952637 7.943262577056885
1.518072247505188 8.04964542388916
4.91566276550293 8.829787254333496
9.542168617248535 9.078014373779297
0.2650602459907532 9.11347484588623
0.7469879388809204 9.11347484588623
9.060240745544434 9.11347484588623
2.289156675338745 9.432623863220215
6.771084308624268 9.432623863220215
7.1566267013549805 9.432623863220215
2.74698805809021 9.468085289001465
