Vertex: (4.86747, 0.212766, 23.7375)
Vertex: (4.86747, 0.319149, 23.7941)
Vertex: (4.93976, 0.460993, 24.6137)
Vertex: (4.86747, 0.496454, 23.9387)
Vertex: (4.89157, 0.638298, 24.3348)
Vertex: (4.93976, 0.886525, 25.1871)
Vertex: (4.93976, 1.09929, 25.6097)
Vertex: (4.81928, 1.13475, 24.5131)
Vertex: (4.81928, 1.24113, 24.7658)
Vertex: (4.93976, 1.24113, 25.9416)
Vertex: (4.93976, 1.34752, 26.217)
Vertex: (4.84337, 1.38298, 25.3709)
Vertex: (4.93976, 1.4539, 26.515)
Vertex: (4.98795, 1.66667, 27.6574)
Vertex: (5.59036, 2.30496, 36.565)
Vertex: (7.01205, 4.64539, 70.7485)
Vertex: (7.01205, 4.78723, 72.0864)
Vertex: (2.79518, 4.92908, 32.1088)
Vertex: (7.01205, 4.92908, 73.4646)
Vertex: (4.36145, 5.1773, 45.8267)
Vertex: (3.3494, 5.21277, 38.3914)
Vertex: (7.25301, 5.24823, 80.1501)
Vertex: (3.06024, 5.28369, 37.2824)
Vertex: (4.55422, 5.28369, 48.6583)
Vertex: (4.81928, 5.28369, 51.1428)
Vertex: (4.96386, 5.28369, 52.5572)
Vertex: (5.08434, 5.28369, 53.7678)
Vertex: (5.15663, 5.28369, 54.5082)
Vertex: (5.3494, 5.28369, 56.5334)
Vertex: (5.42169, 5.28369, 57.312)
Vertex: (4.24096, 5.31915, 46.2791)
Vertex: (4.48193, 5.31915, 48.381)
Vertex: (5.66265, 5.31915, 60.359)
Vertex: (3.42169, 5.78014, 45.118)
Vertex: (6.38554, 5.88652, 75.4263)
Vertex: (8.40964, 5.92199, 105.792)
Vertex: (8.48193, 5.92199, 107.013)
Vertex: (1.37349, 5.95745, 37.3777)
Vertex: (6.55422, 6.09929, 80.1591)
Vertex: (7.61446, 6.09929, 95.1813)
Vertex: (3.22892, 6.20567, 48.9363)
Vertex: (7.87952, 6.20567, 100.597)
Vertex: (1.92771, 6.24113, 42.6678)
Vertex: (6.45783, 6.24113, 80.6553)
Vertex: (6.55422, 6.24113, 81.9095)
Vertex: (7.68675, 6.24113, 98.0378)
Vertex: (2.09639, 6.31206, 44.2369)
Vertex: (7.63855, 6.34752, 98.6385)
Vertex: (2.04819, 6.38298, 44.9375)
Vertex: (9.3012, 6.38298, 127.255)
Vertex: (2.16867, 6.41844, 45.8995)
Vertex: (7.03614, 6.41844, 90.7037)
Vertex: (2.74699, 6.48936, 49.6578)
Vertex: (7.61446, 6.48936, 100.092)
Vertex: (8.6988, 6.48936, 117.781)
Vertex: (1.18072, 6.52482, 43.9674)
Vertex: (2.81928, 6.52482, 50.5216)
Vertex: (6.6747, 6.52482, 87.1249)
Vertex: (7.42169, 6.52482, 97.6547)
Vertex: (2.38554, 6.56028, 48.7281)
Vertex: (3.10843, 6.56028, 52.6997)
Vertex: (7.37349, 6.59574, 97.8723)
Vertex: (8.38554, 6.59574, 113.821)
Vertex: (1.42169, 6.63121, 45.9941)
Vertex: (6.62651, 6.63121, 87.8835)
Vertex: (3.18072, 6.66667, 54.5614)
Vertex: (6.91566, 6.66667, 92.2708)
Vertex: (2.43373, 6.70213, 50.8416)
Vertex: (2.86747, 6.70213, 53.1409)
Vertex: (8.04819, 6.73759, 110.169)
Vertex: (7.3494, 6.77305, 99.8878)
Vertex: (8.21687, 6.77305, 113.391)
Vertex: (0.698795, 6.80851, 46.8441)
Vertex: (1.59036, 6.80851, 48.8851)
Vertex: (2.84337, 6.80851, 54.4406)
Vertex: (3.18072, 6.80851, 56.4728)
Vertex: (7.03614, 6.80851, 95.8632)
Vertex: (8.09639, 6.80851, 111.907)
Vertex: (2.36145, 6.84397, 52.4164)
Vertex: (2.74699, 6.84397, 54.3859)
Vertex: (9.08434, 6.87943, 129.852)
Vertex: (9.51807, 6.87943, 137.92)
Vertex: (0.289157, 6.91489, 47.8994)
Vertex: (0.698795, 6.91489, 48.3041)
Vertex: (6.74699, 6.91489, 93.3376)
Vertex: (8.16867, 6.91489, 114.543)
Vertex: (1.63855, 6.95035, 50.9923)
Vertex: (2.6506, 6.95035, 55.3331)
Vertex: (7.15663, 6.95035, 99.5247)
Vertex: (7.37349, 6.95035, 102.676)
Vertex: (7.44578, 6.95035, 103.747)
Vertex: (9.25301, 6.95035, 133.926)
Vertex: (9.37349, 6.95035, 136.17)
Vertex: (9.49398, 6.95035, 138.443)
Vertex: (0.385542, 6.98582, 48.9503)
Vertex: (0.53012, 6.98582, 49.0826)
Vertex: (2.24096, 6.98582, 53.8235)
Vertex: (2.74699, 6.98582, 56.3476)
Vertex: (3.06024, 6.98582, 58.1667)
Vertex: (7.9759, 6.98582, 112.417)
Vertex: (8.26506, 6.98582, 117.113)
Vertex: (0.698795, 7.02128, 49.7866)
Vertex: (8.09639, 7.02128, 114.85)
Vertex: (9.20482, 7.02128, 134.027)
Vertex: (0.361446, 7.05674, 49.9282)
Vertex: (0.457831, 7.05674, 50.0072)
Vertex: (0.60241, 7.05674, 50.1604)
Vertex: (1.61446, 7.05674, 52.404)
Vertex: (8.19277, 7.05674, 116.919)
Vertex: (9.3253, 7.05674, 136.759)
Vertex: (9.44578, 7.05674, 139.02)
Vertex: (9.27711, 7.0922, 136.364)
Vertex: (9.37349, 7.0922, 138.162)
Vertex: (0.53012, 7.12766, 51.0846)
Vertex: (8.53012, 7.16312, 124.073)
Vertex: (3.95181, 7.2695, 68.4625)
Vertex: (3.22892, 7.34043, 64.3077)
Vertex: (6.62651, 7.34043, 97.7924)
Vertex: (1.78313, 7.37589, 57.5833)
Vertex: (4.89157, 7.37589, 78.3311)
Vertex: (5.06024, 7.37589, 80.0097)
Vertex: (9.51807, 7.41135, 145.522)
Vertex: (0.313253, 7.44681, 55.5531)
Vertex: (4.40964, 7.44681, 74.8999)
Vertex: (4.6988, 7.44681, 77.5336)
Vertex: (5.08434, 7.44681, 81.3054)
Vertex: (5.44578, 7.44681, 85.1115)
Vertex: (9.10843, 7.44681, 138.419)
Vertex: (0.698795, 7.48227, 56.4727)
Vertex: (5.25301, 7.48227, 83.5785)
Vertex: (4.12048, 7.51773, 73.4946)
Vertex: (4.31325, 7.58865, 76.1918)
Vertex: (5.46988, 7.58865, 87.5072)
Vertex: (5.56627, 7.65957, 89.6524)
Vertex: (4.24096, 7.69504, 77.1993)
Vertex: (4.21687, 7.76596, 78.0921)
Vertex: (5.59036, 7.80142, 92.1143)
Vertex: (4.0241, 7.94326, 79.2888)
Vertex: (1.51807, 8.04965, 67.1013)
Vertex: (4.91566, 8.82979, 102.129)
Vertex: (9.54217, 9.07801, 173.463)
Vertex: (0.26506, 9.11347, 83.1257)
Vertex: (0.746988, 9.11347, 83.6134)
Vertex: (9.06024, 9.11347, 165.143)
Vertex: (2.28916, 9.43262, 94.2146)
Vertex: (6.77108, 9.43262, 134.822)
Vertex: (7.15663, 9.43262, 140.192)
Vertex: (2.74699, 9.46809, 97.1906)
Edge: [4.93976, 0.460993, 24.6137, 4.86747, 0.319149, 23.7941]
Edge: [4.93976, 0.460993, 24.6137, 4.86747, 0.212766, 23.7375]
Edge: [4.86747, 0.319149, 23.7941, 4.86747, 0.212766, 23.7375]
Edge: [4.93976, 0.460993, 24.6137, 4.86747, 0.496454, 23.9387]
Edge: [4.86747, 0.319149, 23.7941, 4.86747, 0.496454, 23.9387]
Edge: [4.93976, 0.460993, 24.6137, 4.89157, 0.638298, 24.3348]
Edge: [4.86747, 0.496454, 23.9387, 4.89157, 0.638298, 24.3348]
Edge: [4.93976, 0.460993, 24.6137, 4.93976, 0.886525, 25.1871]
Edge: [4.89157, 0.638298, 24.3348, 4.93976, 0.886525, 25.1871]
Edge: [4.93976, 0.886525, 25.1871, 4.93976, 1.09929, 25.6097]
Edge: [4.86747, 0.319149, 23.7941, 4.81928, 1.13475, 24.5131]
Edge: [4.86747, 0.496454, 23.9387, 4.81928, 1.13475, 24.5131]
Edge: [4.89157, 0.638298, 24.3348, 4.81928, 1.13475, 24.5131]
Edge: [4.93976, 0.886525, 25.1871, 4.81928, 1.13475, 24.5131]
Edge: [4.93976, 1.09929, 25.6097, 4.81928, 1.13475, 24.5131]
Edge: [4.81928, 1.13475, 24.5131, 4.81928, 1.24113, 24.7658]
Edge: [4.93976, 1.09929, 25.6097, 4.93976, 1.24113, 25.9416]
Edge: [4.81928, 1.13475, 24.5131, 4.93976, 1.24113, 25.9416]
Edge: [4.81928, 1.24113, 24.7658, 4.93976, 1.24113, 25.9416]
Edge: [4.81928, 1.24113, 24.7658, 4.93976, 1.34752, 26.217]
Edge: [4.93976, 1.24113, 25.9416, 4.93976, 1.34752, 26.217]
Edge: [4.81928, 1.24113, 24.7658, 4.84337, 1.38298, 25.3709]
Edge: [4.93976, 1.34752, 26.217, 4.84337, 1.38298, 25.3709]
Edge: [4.93976, 1.34752, 26.217, 4.93976, 1.4539, 26.515]
Edge: [4.84337, 1.38298, 25.3709, 4.93976, 1.4539, 26.515]
Edge: [4.93976, 1.34752, 26.217, 4.98795, 1.66667, 27.6574]
Edge: [4.84337, 1.38298, 25.3709, 4.98795, 1.66667, 27.6574]
Edge: [4.93976, 1.4539, 26.515, 4.98795, 1.66667, 27.6574]
Edge: [4.93976, 0.460993, 24.6137, 5.59036, 2.30496, 36.565]
Edge: [4.93976, 0.886525, 25.1871, 5.59036, 2.30496, 36.565]
Edge: [4.93976, 1.09929, 25.6097, 5.59036, 2.30496, 36.565]
Edge: [4.93976, 1.24113, 25.9416, 5.59036, 2.30496, 36.565]
Edge: [4.93976, 1.34752, 26.217, 5.59036, 2.30496, 36.565]
Edge: [4.98795, 1.66667, 27.6574, 5.59036, 2.30496, 36.565]
Edge: [5.59036, 2.30496, 36.565, 7.01205, 4.64539, 70.7485]
Edge: [7.01205, 4.64539, 70.7485, 7.01205, 4.78723, 72.0864]
Edge: [4.86747, 0.319149, 23.7941, 2.79518, 4.92908, 32.1088]
Edge: [4.86747, 0.212766, 23.7375, 2.79518, 4.92908, 32.1088]
Edge: [4.81928, 1.13475, 24.5131, 2.79518, 4.92908, 32.1088]
Edge: [4.81928, 1.24113, 24.7658, 2.79518, 4.92908, 32.1088]
Edge: [4.84337, 1.38298, 25.3709, 2.79518, 4.92908, 32.1088]
Edge: [4.98795, 1.66667, 27.6574, 2.79518, 4.92908, 32.1088]
Edge: [7.01205, 4.78723, 72.0864, 7.01205, 4.92908, 73.4646]
Edge: [4.98795, 1.66667, 27.6574, 4.36145, 5.1773, 45.8267]
Edge: [5.59036, 2.30496, 36.565, 4.36145, 5.1773, 45.8267]
Edge: [2.79518, 4.92908, 32.1088, 4.36145, 5.1773, 45.8267]
Edge: [2.79518, 4.92908, 32.1088, 3.3494, 5.21277, 38.3914]
Edge: [4.36145, 5.1773, 45.8267, 3.3494, 5.21277, 38.3914]
Edge: [7.01205, 4.64539, 70.7485, 7.25301, 5.24823, 80.1501]
Edge: [7.01205, 4.78723, 72.0864, 7.25301, 5.24823, 80.1501]
Edge: [7.01205, 4.92908, 73.4646, 7.25301, 5.24823, 80.1501]
Edge: [2.79518, 4.92908, 32.1088, 3.06024, 5.28369, 37.2824]
Edge: [3.3494, 5.21277, 38.3914, 3.06024, 5.28369, 37.2824]
Edge: [4.36145, 5.1773, 45.8267, 4.55422, 5.28369, 48.6583]
Edge: [4.36145, 5.1773, 45.8267, 4.81928, 5.28369, 51.1428]
Edge: [4.55422, 5.28369, 48.6583, 4.81928, 5.28369, 51.1428]
Edge: [5.59036, 2.30496, 36.565, 4.96386, 5.28369, 52.5572]
Edge: [4.36145, 5.1773, 45.8267, 4.96386, 5.28369, 52.5572]
Edge: [4.81928, 5.28369, 51.1428, 4.96386, 5.28369, 52.5572]
Edge: [5.59036, 2.30496, 36.565, 5.08434, 5.28369, 53.7678]
Edge: [4.96386, 5.28369, 52.5572, 5.08434, 5.28369, 53.7678]
Edge: [5.59036, 2.30496, 36.565, 5.15663, 5.28369, 54.5082]
Edge: [5.08434, 5.28369, 53.7678, 5.15663, 5.28369, 54.5082]
Edge: [5.59036, 2.30496, 36.565, 5.3494, 5.28369, 56.5334]
Edge: [5.15663, 5.28369, 54.5082, 5.3494, 5.28369, 56.5334]
Edge: [5.59036, 2.30496, 36.565, 5.42169, 5.28369, 57.312]
Edge: [7.01205, 4.64539, 70.7485, 5.42169, 5.28369, 57.312]
Edge: [5.3494, 5.28369, 56.5334, 5.42169, 5.28369, 57.312]
Edge: [4.36145, 5.1773, 45.8267, 4.24096, 5.31915, 46.2791]
Edge: [3.3494, 5.21277, 38.3914, 4.24096, 5.31915, 46.2791]
Edge: [4.36145, 5.1773, 45.8267, 4.48193, 5.31915, 48.381]
Edge: [4.55422, 5.28369, 48.6583, 4.48193, 5.31915, 48.381]
Edge: [4.81928, 5.28369, 51.1428, 4.48193, 5.31915, 48.381]
Edge: [4.24096, 5.31915, 46.2791, 4.48193, 5.31915, 48.381]
Edge: [7.01205, 4.64539, 70.7485, 5.66265, 5.31915, 60.359]
Edge: [7.01205, 4.78723, 72.0864, 5.66265, 5.31915, 60.359]
Edge: [7.01205, 4.92908, 73.4646, 5.66265, 5.31915, 60.359]
Edge: [5.42169, 5.28369, 57.312, 5.66265, 5.31915, 60.359]
Edge: [3.06024, 5.28369, 37.2824, 3.42169, 5.78014, 45.118]
Edge: [3.3494, 5.21277, 38.3914, 3.42169, 5.78014, 45.118]
Edge: [4.24096, 5.31915, 46.2791, 3.42169, 5.78014, 45.118]
Edge: [7.01205, 4.92908, 73.4646, 6.38554, 5.88652, 75.4263]
Edge: [7.25301, 5.24823, 80.1501, 6.38554, 5.88652, 75.4263]
Edge: [5.66265, 5.31915, 60.359, 6.38554, 5.88652, 75.4263]
Edge: [7.25301, 5.24823, 80.1501, 8.40964, 5.92199, 105.792]
Edge: [7.01205, 4.64539, 70.7485, 8.48193, 5.92199, 107.013]
Edge: [7.25301, 5.24823, 80.1501, 8.48193, 5.92199, 107.013]
Edge: [8.40964, 5.92199, 105.792, 8.48193, 5.92199, 107.013]
Edge: [4.86747, 0.212766, 23.7375, 1.37349, 5.95745, 37.3777]
Edge: [2.79518, 4.92908, 32.1088, 1.37349, 5.95745, 37.3777]
Edge: [7.25301, 5.24823, 80.1501, 6.55422, 6.09929, 80.1591]
Edge: [6.38554, 5.88652, 75.4263, 6.55422, 6.09929, 80.1591]
Edge: [7.25301, 5.24823, 80.1501, 7.61446, 6.09929, 95.1813]
Edge: [8.40964, 5.92199, 105.792, 7.61446, 6.09929, 95.1813]
Edge: [6.55422, 6.09929, 80.1591, 7.61446, 6.09929, 95.1813]
Edge: [3.06024, 5.28369, 37.2824, 3.22892, 6.20567, 48.9363]
Edge: [3.42169, 5.78014, 45.118, 3.22892, 6.20567, 48.9363]
Edge: [8.40964, 5.92199, 105.792, 7.87952, 6.20567, 100.597]
Edge: [7.61446, 6.09929, 95.1813, 7.87952, 6.20567, 100.597]
Edge: [2.79518, 4.92908, 32.1088, 1.92771, 6.24113, 42.6678]
Edge: [1.37349, 5.95745, 37.3777, 1.92771, 6.24113, 42.6678]
Edge: [5.66265, 5.31915, 60.359, 6.45783, 6.24113, 80.6553]
Edge: [6.38554, 5.88652, 75.4263, 6.45783, 6.24113, 80.6553]
Edge: [6.55422, 6.09929, 80.1591, 6.45783, 6.24113, 80.6553]
Edge: [6.55422, 6.09929, 80.1591, 6.55422, 6.24113, 81.9095]
Edge: [6.45783, 6.24113, 80.6553, 6.55422, 6.24113, 81.9095]
Edge: [7.61446, 6.09929, 95.1813, 7.68675, 6.24113, 98.0378]
Edge: [7.87952, 6.20567, 100.597, 7.68675, 6.24113, 98.0378]
Edge: [2.79518, 4.92908, 32.1088, 2.09639, 6.31206, 44.2369]
Edge: [3.06024, 5.28369, 37.2824, 2.09639, 6.31206, 44.2369]
Edge: [1.92771, 6.24113, 42.6678, 2.09639, 6.31206, 44.2369]
Edge: [7.87952, 6.20567, 100.597, 7.63855, 6.34752, 98.6385]
Edge: [7.61446, 6.09929, 95.1813, 7.63855, 6.34752, 98.6385]
Edge: [7.68675, 6.24113, 98.0378, 7.63855, 6.34752, 98.6385]
Edge: [1.92771, 6.24113, 42.6678, 2.04819, 6.38298, 44.9375]
Edge: [2.09639, 6.31206, 44.2369, 2.04819, 6.38298, 44.9375]
Edge: [4.93976, 0.460993, 24.6137, 9.3012, 6.38298, 127.255]
Edge: [4.86747, 0.212766, 23.7375, 9.3012, 6.38298, 127.255]
Edge: [5.59036, 2.30496, 36.565, 9.3012, 6.38298, 127.255]
Edge: [7.01205, 4.64539, 70.7485, 9.3012, 6.38298, 127.255]
Edge: [8.48193, 5.92199, 107.013, 9.3012, 6.38298, 127.255]
Edge: [2.09639, 6.31206, 44.2369, 2.16867, 6.41844, 45.8995]
Edge: [2.04819, 6.38298, 44.9375, 2.16867, 6.41844, 45.8995]
Edge: [6.55422, 6.09929, 80.1591, 7.03614, 6.41844, 90.7037]
Edge: [7.61446, 6.09929, 95.1813, 7.03614, 6.41844, 90.7037]
Edge: [6.55422, 6.24113, 81.9095, 7.03614, 6.41844, 90.7037]
Edge: [3.06024, 5.28369, 37.2824, 2.74699, 6.48936, 49.6578]
Edge: [3.22892, 6.20567, 48.9363, 2.74699, 6.48936, 49.6578]
Edge: [2.09639, 6.31206, 44.2369, 2.74699, 6.48936, 49.6578]
Edge: [2.16867, 6.41844, 45.8995, 2.74699, 6.48936, 49.6578]
Edge: [7.87952, 6.20567, 100.597, 7.61446, 6.48936, 100.092]
Edge: [7.63855, 6.34752, 98.6385, 7.61446, 6.48936, 100.092]
Edge: [8.48193, 5.92199, 107.013, 8.6988, 6.48936, 117.781]
Edge: [9.3012, 6.38298, 127.255, 8.6988, 6.48936, 117.781]
Edge: [1.37349, 5.95745, 37.3777, 1.18072, 6.52482, 43.9674]
Edge: [3.22892, 6.20567, 48.9363, 2.81928, 6.52482, 50.5216]
Edge: [2.74699, 6.48936, 49.6578, 2.81928, 6.52482, 50.5216]
Edge: [6.45783, 6.24113, 80.6553, 6.6747, 6.52482, 87.1249]
Edge: [6.55422, 6.24113, 81.9095, 6.6747, 6.52482, 87.1249]
Edge: [7.03614, 6.41844, 90.7037, 6.6747, 6.52482, 87.1249]
Edge: [7.61446, 6.09929, 95.1813, 7.42169, 6.52482, 97.6547]
Edge: [7.63855, 6.34752, 98.6385, 7.42169, 6.52482, 97.6547]
Edge: [7.03614, 6.41844, 90.7037, 7.42169, 6.52482, 97.6547]
Edge: [7.61446, 6.48936, 100.092, 7.42169, 6.52482, 97.6547]
Edge: [2.16867, 6.41844, 45.8995, 2.38554, 6.56028, 48.7281]
Edge: [2.74699, 6.48936, 49.6578, 2.38554, 6.56028, 48.7281]
Edge: [3.22892, 6.20567, 48.9363, 3.10843, 6.56028, 52.6997]
Edge: [2.81928, 6.52482, 50.5216, 3.10843, 6.56028, 52.6997]
Edge: [7.61446, 6.48936, 100.092, 7.37349, 6.59574, 97.8723]
Edge: [7.03614, 6.41844, 90.7037, 7.37349, 6.59574, 97.8723]
Edge: [7.42169, 6.52482, 97.6547, 7.37349, 6.59574, 97.8723]
Edge: [8.40964, 5.92199, 105.792, 8.38554, 6.59574, 113.821]
Edge: [8.48193, 5.92199, 107.013, 8.38554, 6.59574, 113.821]
Edge: [7.87952, 6.20567, 100.597, 8.38554, 6.59574, 113.821]
Edge: [8.6988, 6.48936, 117.781, 8.38554, 6.59574, 113.821]
Edge: [1.37349, 5.95745, 37.3777, 1.42169, 6.63121, 45.9941]
Edge: [1.92771, 6.24113, 42.6678, 1.42169, 6.63121, 45.9941]
Edge: [1.18072, 6.52482, 43.9674, 1.42169, 6.63121, 45.9941]
Edge: [6.45783, 6.24113, 80.6553, 6.62651, 6.63121, 87.8835]
Edge: [6.6747, 6.52482, 87.1249, 6.62651, 6.63121, 87.8835]
Edge: [3.22892, 6.20567, 48.9363, 3.18072, 6.66667, 54.5614]
Edge: [3.10843, 6.56028, 52.6997, 3.18072, 6.66667, 54.5614]
Edge: [7.03614, 6.41844, 90.7037, 6.91566, 6.66667, 92.2708]
Edge: [6.6747, 6.52482, 87.1249, 6.91566, 6.66667, 92.2708]
Edge: [6.62651, 6.63121, 87.8835, 6.91566, 6.66667, 92.2708]
Edge: [2.74699, 6.48936, 49.6578, 2.43373, 6.70213, 50.8416]
Edge: [2.38554, 6.56028, 48.7281, 2.43373, 6.70213, 50.8416]
Edge: [2.74699, 6.48936, 49.6578, 2.86747, 6.70213, 53.1409]
Edge: [2.81928, 6.52482, 50.5216, 2.86747, 6.70213, 53.1409]
Edge: [3.10843, 6.56028, 52.6997, 2.86747, 6.70213, 53.1409]
Edge: [3.18072, 6.66667, 54.5614, 2.86747, 6.70213, 53.1409]
Edge: [7.87952, 6.20567, 100.597, 8.04819, 6.73759, 110.169]
Edge: [7.61446, 6.48936, 100.092, 8.04819, 6.73759, 110.169]
Edge: [8.38554, 6.59574, 113.821, 8.04819, 6.73759, 110.169]
Edge: [7.61446, 6.48936, 100.092, 7.3494, 6.77305, 99.8878]
Edge: [7.37349, 6.59574, 97.8723, 7.3494, 6.77305, 99.8878]
Edge: [8.38554, 6.59574, 113.821, 8.21687, 6.77305, 113.391]
Edge: [8.04819, 6.73759, 110.169, 8.21687, 6.77305, 113.391]
Edge: [1.37349, 5.95745, 37.3777, 0.698795, 6.80851, 46.8441]
Edge: [1.18072, 6.52482, 43.9674, 0.698795, 6.80851, 46.8441]
Edge: [1.92771, 6.24113, 42.6678, 1.59036, 6.80851, 48.8851]
Edge: [2.04819, 6.38298, 44.9375, 1.59036, 6.80851, 48.8851]
Edge: [1.42169, 6.63121, 45.9941, 1.59036, 6.80851, 48.8851]
Edge: [2.86747, 6.70213, 53.1409, 2.84337, 6.80851, 54.4406]
Edge: [3.18072, 6.66667, 54.5614, 3.18072, 6.80851, 56.4728]
Edge: [2.86747, 6.70213, 53.1409, 3.18072, 6.80851, 56.4728]
Edge: [2.84337, 6.80851, 54.4406, 3.18072, 6.80851, 56.4728]
Edge: [7.03614, 6.41844, 90.7037, 7.03614, 6.80851, 95.8632]
Edge: [7.37349, 6.59574, 97.8723, 7.03614, 6.80851, 95.8632]
Edge: [6.91566, 6.66667, 92.2708, 7.03614, 6.80851, 95.8632]
Edge: [7.3494, 6.77305, 99.8878, 7.03614, 6.80851, 95.8632]
Edge: [8.04819, 6.73759, 110.169, 8.09639, 6.80851, 111.907]
Edge: [8.21687, 6.77305, 113.391, 8.09639, 6.80851, 111.907]
Edge: [2.16867, 6.41844, 45.8995, 2.36145, 6.84397, 52.4164]
Edge: [2.38554, 6.56028, 48.7281, 2.36145, 6.84397, 52.4164]
Edge: [2.43373, 6.70213, 50.8416, 2.36145, 6.84397, 52.4164]
Edge: [2.74699, 6.48936, 49.6578, 2.74699, 6.84397, 54.3859]
Edge: [2.43373, 6.70213, 50.8416, 2.74699, 6.84397, 54.3859]
Edge: [2.86747, 6.70213, 53.1409, 2.74699, 6.84397, 54.3859]
Edge: [2.84337, 6.80851, 54.4406, 2.74699, 6.84397, 54.3859]
Edge: [9.3012, 6.38298, 127.255, 9.08434, 6.87943, 129.852]
Edge: [8.6988, 6.48936, 117.781, 9.08434, 6.87943, 129.852]
Edge: [4.86747, 0.212766, 23.7375, 9.51807, 6.87943, 137.92]
Edge: [9.3012, 6.38298, 127.255, 9.51807, 6.87943, 137.92]
Edge: [4.86747, 0.212766, 23.7375, 0.289157, 6.91489, 47.8994]
Edge: [1.37349, 5.95745, 37.3777, 0.289157, 6.91489, 47.8994]
Edge: [0.698795, 6.80851, 46.8441, 0.289157, 6.91489, 47.8994]
Edge: [1.18072, 6.52482, 43.9674, 0.698795, 6.91489, 48.3041]
Edge: [1.42169, 6.63121, 45.9941, 0.698795, 6.91489, 48.3041]
Edge: [0.698795, 6.80851, 46.8441, 0.698795, 6.91489, 48.3041]
Edge: [6.62651, 6.63121, 87.8835, 6.74699, 6.91489, 93.3376]
Edge: [6.91566, 6.66667, 92.2708, 6.74699, 6.91489, 93.3376]
Edge: [7.03614, 6.80851, 95.8632, 6.74699, 6.91489, 93.3376]
Edge: [8.21687, 6.77305, 113.391, 8.16867, 6.91489, 114.543]
Edge: [8.09639, 6.80851, 111.907, 8.16867, 6.91489, 114.543]
Edge: [1.59036, 6.80851, 48.8851, 1.63855, 6.95035, 50.9923]
Edge: [2.43373, 6.70213, 50.8416, 2.6506, 6.95035, 55.3331]
Edge: [2.36145, 6.84397, 52.4164, 2.6506, 6.95035, 55.3331]
Edge: [2.74699, 6.84397, 54.3859, 2.6506, 6.95035, 55.3331]
Edge: [7.3494, 6.77305, 99.8878, 7.15663, 6.95035, 99.5247]
Edge: [7.03614, 6.80851, 95.8632, 7.15663, 6.95035, 99.5247]
Edge: [6.74699, 6.91489, 93.3376, 7.15663, 6.95035, 99.5247]
Edge: [7.3494, 6.77305, 99.8878, 7.37349, 6.95035, 102.676]
Edge: [7.15663, 6.95035, 99.5247, 7.37349, 6.95035, 102.676]
Edge: [7.61446, 6.48936, 100.092, 7.44578, 6.95035, 103.747]
Edge: [7.3494, 6.77305, 99.8878, 7.44578, 6.95035, 103.747]
Edge: [7.37349, 6.95035, 102.676, 7.44578, 6.95035, 103.747]
Edge: [9.3012, 6.38298, 127.255, 9.25301, 6.95035, 133.926]
Edge: [9.08434, 6.87943, 129.852, 9.25301, 6.95035, 133.926]
Edge: [9.3012, 6.38298, 127.255, 9.37349, 6.95035, 136.17]
Edge: [9.51807, 6.87943, 137.92, 9.37349, 6.95035, 136.17]
Edge: [9.25301, 6.95035, 133.926, 9.37349, 6.95035, 136.17]
Edge: [9.51807, 6.87943, 137.92, 9.49398, 6.95035, 138.443]
Edge: [9.37349, 6.95035, 136.17, 9.49398, 6.95035, 138.443]
Edge: [0.289157, 6.91489, 47.8994, 0.385542, 6.98582, 48.9503]
Edge: [0.698795, 6.80851, 46.8441, 0.53012, 6.98582, 49.0826]
Edge: [0.289157, 6.91489, 47.8994, 0.53012, 6.98582, 49.0826]
Edge: [0.698795, 6.91489, 48.3041, 0.53012, 6.98582, 49.0826]
Edge: [0.385542, 6.98582, 48.9503, 0.53012, 6.98582, 49.0826]
Edge: [2.04819, 6.38298, 44.9375, 2.24096, 6.98582, 53.8235]
Edge: [2.16867, 6.41844, 45.8995, 2.24096, 6.98582, 53.8235]
Edge: [1.59036, 6.80851, 48.8851, 2.24096, 6.98582, 53.8235]
Edge: [2.36145, 6.84397, 52.4164, 2.24096, 6.98582, 53.8235]
Edge: [1.63855, 6.95035, 50.9923, 2.24096, 6.98582, 53.8235]
Edge: [2.6506, 6.95035, 55.3331, 2.24096, 6.98582, 53.8235]
Edge: [2.84337, 6.80851, 54.4406, 2.74699, 6.98582, 56.3476]
Edge: [2.74699, 6.84397, 54.3859, 2.74699, 6.98582, 56.3476]
Edge: [2.6506, 6.95035, 55.3331, 2.74699, 6.98582, 56.3476]
Edge: [2.24096, 6.98582, 53.8235, 2.74699, 6.98582, 56.3476]
Edge: [2.84337, 6.80851, 54.4406, 3.06024, 6.98582, 58.1667]
Edge: [3.18072, 6.80851, 56.4728, 3.06024, 6.98582, 58.1667]
Edge: [2.74699, 6.98582, 56.3476, 3.06024, 6.98582, 58.1667]
Edge: [7.61446, 6.48936, 100.092, 7.9759, 6.98582, 112.417]
Edge: [8.04819, 6.73759, 110.169, 7.9759, 6.98582, 112.417]
Edge: [8.09639, 6.80851, 111.907, 7.9759, 6.98582, 112.417]
Edge: [8.16867, 6.91489, 114.543, 7.9759, 6.98582, 112.417]
Edge: [7.44578, 6.95035, 103.747, 7.9759, 6.98582, 112.417]
Edge: [8.38554, 6.59574, 113.821, 8.26506, 6.98582, 117.113]
Edge: [8.21687, 6.77305, 113.391, 8.26506, 6.98582, 117.113]
Edge: [8.16867, 6.91489, 114.543, 8.26506, 6.98582, 117.113]
Edge: [1.42169, 6.63121, 45.9941, 0.698795, 7.02128, 49.7866]
Edge: [0.698795, 6.91489, 48.3041, 0.698795, 7.02128, 49.7866]
Edge: [8.16867, 6.91489, 114.543, 8.09639, 7.02128, 114.85]
Edge: [7.9759, 6.98582, 112.417, 8.09639, 7.02128, 114.85]
Edge: [9.08434, 6.87943, 129.852, 9.20482, 7.02128, 134.027]
Edge: [9.25301, 6.95035, 133.926, 9.20482, 7.02128, 134.027]
Edge: [0.289157, 6.91489, 47.8994, 0.361446, 7.05674, 49.9282]
Edge: [0.385542, 6.98582, 48.9503, 0.361446, 7.05674, 49.9282]
Edge: [0.385542, 6.98582, 48.9503, 0.457831, 7.05674, 50.0072]
Edge: [0.53012, 6.98582, 49.0826, 0.457831, 7.05674, 50.0072]
Edge: [0.361446, 7.05674, 49.9282, 0.457831, 7.05674, 50.0072]
Edge: [0.698795, 6.91489, 48.3041, 0.60241, 7.05674, 50.1604]
Edge: [0.53012, 6.98582, 49.0826, 0.60241, 7.05674, 50.1604]
Edge: [0.698795, 7.02128, 49.7866, 0.60241, 7.05674, 50.1604]
Edge: [1.42169, 6.63121, 45.9941, 1.61446, 7.05674, 52.404]
Edge: [1.59036, 6.80851, 48.8851, 1.61446, 7.05674, 52.404]
Edge: [1.63855, 6.95035, 50.9923, 1.61446, 7.05674, 52.404]
Edge: [2.24096, 6.98582, 53.8235, 1.61446, 7.05674, 52.404]
Edge: [0.698795, 7.02128, 49.7866, 1.61446, 7.05674, 52.404]
Edge: [8.16867, 6.91489, 114.543, 8.19277, 7.05674, 116.919]
Edge: [8.26506, 6.98582, 117.113, 8.19277, 7.05674, 116.919]
Edge: [8.09639, 7.02128, 114.85, 8.19277, 7.05674, 116.919]
Edge: [9.25301, 6.95035, 133.926, 9.3253, 7.05674, 136.759]
Edge: [9.37349, 6.95035, 136.17, 9.3253, 7.05674, 136.759]
Edge: [9.20482, 7.02128, 134.027, 9.3253, 7.05674, 136.759]
Edge: [9.49398, 6.95035, 138.443, 9.44578, 7.05674, 139.02]
Edge: [9.37349, 6.95035, 136.17, 9.44578, 7.05674, 139.02]
Edge: [9.3253, 7.05674, 136.759, 9.44578, 7.05674, 139.02]
Edge: [9.20482, 7.02128, 134.027, 9.27711, 7.0922, 136.364]
Edge: [9.3253, 7.05674, 136.759, 9.27711, 7.0922, 136.364]
Edge: [9.44578, 7.05674, 139.02, 9.37349, 7.0922, 138.162]
Edge: [9.3253, 7.05674, 136.759, 9.37349, 7.0922, 138.162]
Edge: [9.27711, 7.0922, 136.364, 9.37349, 7.0922, 138.162]
Edge: [0.53012, 6.98582, 49.0826, 0.53012, 7.12766, 51.0846]
Edge: [0.457831, 7.05674, 50.0072, 0.53012, 7.12766, 51.0846]
Edge: [0.361446, 7.05674, 49.9282, 0.53012, 7.12766, 51.0846]
Edge: [0.60241, 7.05674, 50.1604, 0.53012, 7.12766, 51.0846]
Edge: [8.6988, 6.48936, 117.781, 8.53012, 7.16312, 124.073]
Edge: [8.38554, 6.59574, 113.821, 8.53012, 7.16312, 124.073]
Edge: [9.08434, 6.87943, 129.852, 8.53012, 7.16312, 124.073]
Edge: [8.26506, 6.98582, 117.113, 8.53012, 7.16312, 124.073]
Edge: [9.20482, 7.02128, 134.027, 8.53012, 7.16312, 124.073]
Edge: [8.19277, 7.05674, 116.919, 8.53012, 7.16312, 124.073]
Edge: [4.48193, 5.31915, 48.381, 3.95181, 7.2695, 68.4625]
Edge: [4.24096, 5.31915, 46.2791, 3.95181, 7.2695, 68.4625]
Edge: [3.42169, 5.78014, 45.118, 3.95181, 7.2695, 68.4625]
Edge: [3.22892, 6.20567, 48.9363, 3.95181, 7.2695, 68.4625]
Edge: [3.18072, 6.66667, 54.5614, 3.95181, 7.2695, 68.4625]
Edge: [3.18072, 6.80851, 56.4728, 3.95181, 7.2695, 68.4625]
Edge: [2.74699, 6.98582, 56.3476, 3.22892, 7.34043, 64.3077]
Edge: [3.18072, 6.80851, 56.4728, 3.22892, 7.34043, 64.3077]
Edge: [3.06024, 6.98582, 58.1667, 3.22892, 7.34043, 64.3077]
Edge: [3.95181, 7.2695, 68.4625, 3.22892, 7.34043, 64.3077]
Edge: [6.62651, 6.63121, 87.8835, 6.62651, 7.34043, 97.7924]
Edge: [6.74699, 6.91489, 93.3376, 6.62651, 7.34043, 97.7924]
Edge: [7.15663, 6.95035, 99.5247, 6.62651, 7.34043, 97.7924]
Edge: [7.37349, 6.95035, 102.676, 6.62651, 7.34043, 97.7924]
Edge: [7.44578, 6.95035, 103.747, 6.62651, 7.34043, 97.7924]
Edge: [2.24096, 6.98582, 53.8235, 1.78313, 7.37589, 57.5833]
Edge: [2.74699, 6.98582, 56.3476, 1.78313, 7.37589, 57.5833]
Edge: [1.61446, 7.05674, 52.404, 1.78313, 7.37589, 57.5833]
Edge: [3.22892, 7.34043, 64.3077, 1.78313, 7.37589, 57.5833]
Edge: [4.81928, 5.28369, 51.1428, 4.89157, 7.37589, 78.3311]
Edge: [4.96386, 5.28369, 52.5572, 4.89157, 7.37589, 78.3311]
Edge: [4.48193, 5.31915, 48.381, 4.89157, 7.37589, 78.3311]
Edge: [3.95181, 7.2695, 68.4625, 4.89157, 7.37589, 78.3311]
Edge: [4.96386, 5.28369, 52.5572, 5.06024, 7.37589, 80.0097]
Edge: [5.08434, 5.28369, 53.7678, 5.06024, 7.37589, 80.0097]
Edge: [5.15663, 5.28369, 54.5082, 5.06024, 7.37589, 80.0097]
Edge: [5.3494, 5.28369, 56.5334, 5.06024, 7.37589, 80.0097]
Edge: [5.42169, 5.28369, 57.312, 5.06024, 7.37589, 80.0097]
Edge: [5.66265, 5.31915, 60.359, 5.06024, 7.37589, 80.0097]
Edge: [6.45783, 6.24113, 80.6553, 5.06024, 7.37589, 80.0097]
Edge: [4.89157, 7.37589, 78.3311, 5.06024, 7.37589, 80.0097]
Edge: [9.51807, 6.87943, 137.92, 9.51807, 7.41135, 145.522]
Edge: [9.49398, 6.95035, 138.443, 9.51807, 7.41135, 145.522]
Edge: [9.44578, 7.05674, 139.02, 9.51807, 7.41135, 145.522]
Edge: [9.37349, 7.0922, 138.162, 9.51807, 7.41135, 145.522]
Edge: [9.27711, 7.0922, 136.364, 9.51807, 7.41135, 145.522]
Edge: [0.289157, 6.91489, 47.8994, 0.313253, 7.44681, 55.5531]
Edge: [0.361446, 7.05674, 49.9282, 0.313253, 7.44681, 55.5531]
Edge: [0.53012, 7.12766, 51.0846, 0.313253, 7.44681, 55.5531]
Edge: [3.95181, 7.2695, 68.4625, 4.40964, 7.44681, 74.8999]
Edge: [4.89157, 7.37589, 78.3311, 4.40964, 7.44681, 74.8999]
Edge: [4.89157, 7.37589, 78.3311, 4.6988, 7.44681, 77.5336]
Edge: [4.40964, 7.44681, 74.8999, 4.6988, 7.44681, 77.5336]
Edge: [5.06024, 7.37589, 80.0097, 5.08434, 7.44681, 81.3054]
Edge: [4.89157, 7.37589, 78.3311, 5.08434, 7.44681, 81.3054]
Edge: [4.6988, 7.44681, 77.5336, 5.08434, 7.44681, 81.3054]
Edge: [6.45783, 6.24113, 80.6553, 5.44578, 7.44681, 85.1115]
Edge: [6.62651, 6.63121, 87.8835, 5.44578, 7.44681, 85.1115]
Edge: [6.62651, 7.34043, 97.7924, 5.44578, 7.44681, 85.1115]
Edge: [5.06024, 7.37589, 80.0097, 5.44578, 7.44681, 85.1115]
Edge: [9.20482, 7.02128, 134.027, 9.10843, 7.44681, 138.419]
Edge: [9.27711, 7.0922, 136.364, 9.10843, 7.44681, 138.419]
Edge: [8.53012, 7.16312, 124.073, 9.10843, 7.44681, 138.419]
Edge: [9.51807, 7.41135, 145.522, 9.10843, 7.44681, 138.419]
Edge: [0.698795, 7.02128, 49.7866, 0.698795, 7.48227, 56.4727]
Edge: [0.60241, 7.05674, 50.1604, 0.698795, 7.48227, 56.4727]
Edge: [1.61446, 7.05674, 52.404, 0.698795, 7.48227, 56.4727]
Edge: [0.53012, 7.12766, 51.0846, 0.698795, 7.48227, 56.4727]
Edge: [1.78313, 7.37589, 57.5833, 0.698795, 7.48227, 56.4727]
Edge: [0.313253, 7.44681, 55.5531, 0.698795, 7.48227, 56.4727]
Edge: [5.06024, 7.37589, 80.0097, 5.25301, 7.48227, 83.5785]
Edge: [5.08434, 7.44681, 81.3054, 5.25301, 7.48227, 83.5785]
Edge: [5.44578, 7.44681, 85.1115, 5.25301, 7.48227, 83.5785]
Edge: [3.95181, 7.2695, 68.4625, 4.12048, 7.51773, 73.4946]
Edge: [4.40964, 7.44681, 74.8999, 4.12048, 7.51773, 73.4946]
Edge: [4.40964, 7.44681, 74.8999, 4.31325, 7.58865, 76.1918]
Edge: [4.6988, 7.44681, 77.5336, 4.31325, 7.58865, 76.1918]
Edge: [4.12048, 7.51773, 73.4946, 4.31325, 7.58865, 76.1918]
Edge: [5.44578, 7.44681, 85.1115, 5.46988, 7.58865, 87.5072]
Edge: [5.25301, 7.48227, 83.5785, 5.46988, 7.58865, 87.5072]
Edge: [6.62651, 7.34043, 97.7924, 5.56627, 7.65957, 89.6524]
Edge: [5.44578, 7.44681, 85.1115, 5.56627, 7.65957, 89.6524]
Edge: [5.46988, 7.58865, 87.5072, 5.56627, 7.65957, 89.6524]
Edge: [4.12048, 7.51773, 73.4946, 4.24096, 7.69504, 77.1993]
Edge: [4.31325, 7.58865, 76.1918, 4.24096, 7.69504, 77.1993]
Edge: [4.6988, 7.44681, 77.5336, 4.21687, 7.76596, 78.0921]
Edge: [4.12048, 7.51773, 73.4946, 4.21687, 7.76596, 78.0921]
Edge: [4.31325, 7.58865, 76.1918, 4.21687, 7.76596, 78.0921]
Edge: [4.24096, 7.69504, 77.1993, 4.21687, 7.76596, 78.0921]
Edge: [5.08434, 7.44681, 81.3054, 5.59036, 7.80142, 92.1143]
Edge: [6.62651, 7.34043, 97.7924, 5.59036, 7.80142, 92.1143]
Edge: [5.25301, 7.48227, 83.5785, 5.59036, 7.80142, 92.1143]
Edge: [5.46988, 7.58865, 87.5072, 5.59036, 7.80142, 92.1143]
Edge: [5.56627, 7.65957, 89.6524, 5.59036, 7.80142, 92.1143]
Edge: [3.95181, 7.2695, 68.4625, 4.0241, 7.94326, 79.2888]
Edge: [3.22892, 7.34043, 64.3077, 4.0241, 7.94326, 79.2888]
Edge: [4.12048, 7.51773, 73.4946, 4.0241, 7.94326, 79.2888]
Edge: [4.21687, 7.76596, 78.0921, 4.0241, 7.94326, 79.2888]
Edge: [3.22892, 7.34043, 64.3077, 1.51807, 8.04965, 67.1013]
Edge: [1.78313, 7.37589, 57.5833, 1.51807, 8.04965, 67.1013]
Edge: [0.698795, 7.48227, 56.4727, 1.51807, 8.04965, 67.1013]
Edge: [4.6988, 7.44681, 77.5336, 4.91566, 8.82979, 102.129]
Edge: [5.08434, 7.44681, 81.3054, 4.91566, 8.82979, 102.129]
Edge: [4.21687, 7.76596, 78.0921, 4.91566, 8.82979, 102.129]
Edge: [5.59036, 7.80142, 92.1143, 4.91566, 8.82979, 102.129]
Edge: [4.0241, 7.94326, 79.2888, 4.91566, 8.82979, 102.129]
Edge: [4.86747, 0.212766, 23.7375, 9.54217, 9.07801, 173.463]
Edge: [9.51807, 6.87943, 137.92, 9.54217, 9.07801, 173.463]
Edge: [9.51807, 7.41135, 145.522, 9.54217, 9.07801, 173.463]
Edge: [9.10843, 7.44681, 138.419, 9.54217, 9.07801, 173.463]
Edge: [4.86747, 0.212766, 23.7375, 0.26506, 9.11347, 83.1257]
Edge: [0.289157, 6.91489, 47.8994, 0.26506, 9.11347, 83.1257]
Edge: [0.313253, 7.44681, 55.5531, 0.26506, 9.11347, 83.1257]
Edge: [0.698795, 7.48227, 56.4727, 0.26506, 9.11347, 83.1257]
Edge: [9.54217, 9.07801, 173.463, 0.26506, 9.11347, 83.1257]
Edge: [0.698795, 7.48227, 56.4727, 0.746988, 9.11347, 83.6134]
Edge: [1.51807, 8.04965, 67.1013, 0.746988, 9.11347, 83.6134]
Edge: [0.26506, 9.11347, 83.1257, 0.746988, 9.11347, 83.6134]
Edge: [8.19277, 7.05674, 116.919, 9.06024, 9.11347, 165.143]
Edge: [8.53012, 7.16312, 124.073, 9.06024, 9.11347, 165.143]
Edge: [9.10843, 7.44681, 138.419, 9.06024, 9.11347, 165.143]
Edge: [9.54217, 9.07801, 173.463, 9.06024, 9.11347, 165.143]
Edge: [1.51807, 8.04965, 67.1013, 2.28916, 9.43262, 94.2146]
Edge: [9.54217, 9.07801, 173.463, 2.28916, 9.43262, 94.2146]
Edge: [0.26506, 9.11347, 83.1257, 2.28916, 9.43262, 94.2146]
Edge: [0.746988, 9.11347, 83.6134, 2.28916, 9.43262, 94.2146]
Edge: [6.62651, 7.34043, 97.7924, 6.77108, 9.43262, 134.822]
Edge: [5.59036, 7.80142, 92.1143, 6.77108, 9.43262, 134.822]
Edge: [4.91566, 8.82979, 102.129, 6.77108, 9.43262, 134.822]
Edge: [7.44578, 6.95035, 103.747, 7.15663, 9.43262, 140.192]
Edge: [7.9759, 6.98582, 112.417, 7.15663, 9.43262, 140.192]
Edge: [8.09639, 7.02128, 114.85, 7.15663, 9.43262, 140.192]
Edge: [8.19277, 7.05674, 116.919, 7.15663, 9.43262, 140.192]
Edge: [6.62651, 7.34043, 97.7924, 7.15663, 9.43262, 140.192]
Edge: [9.06024, 9.11347, 165.143, 7.15663, 9.43262, 140.192]
Edge: [9.54217, 9.07801, 173.463, 7.15663, 9.43262, 140.192]
Edge: [2.28916, 9.43262, 94.2146, 7.15663, 9.43262, 140.192]
Edge: [6.77108, 9.43262, 134.822, 7.15663, 9.43262, 140.192]
Edge: [3.22892, 7.34043, 64.3077, 2.74699, 9.46809, 97.1906]
Edge: [4.0241, 7.94326, 79.2888, 2.74699, 9.46809, 97.1906]
Edge: [1.51807, 8.04965, 67.1013, 2.74699, 9.46809, 97.1906]
Edge: [4.91566, 8.82979, 102.129, 2.74699, 9.46809, 97.1906]
Edge: [2.28916, 9.43262, 94.2146, 2.74699, 9.46809, 97.1906]
Edge: [6.77108, 9.43262, 134.822, 2.74699, 9.46809, 97.1906]
Edge: [7.15663, 9.43262, 140.192, 2.74699, 9.46809, 97.1906]
