Vertex: (4.90654, 0.449827, 24.2765)
Vertex: (4.97664, 0.657439, 25.1991)
Vertex: (4.90654, 0.726644, 24.6022)
Vertex: (4.92991, 0.865052, 25.0523)
Vertex: (4.92991, 0.968858, 25.2427)
Vertex: (4.97664, 1.10727, 25.9929)
Vertex: (4.97664, 1.31488, 26.4958)
Vertex: (4.85981, 1.34948, 25.4389)
Vertex: (4.85981, 1.45329, 25.7298)
Vertex: (4.97664, 1.45329, 26.8789)
Vertex: (4.97664, 1.55709, 27.1914)
Vertex: (4.88318, 1.5917, 26.3789)
Vertex: (4.97664, 1.6609, 27.5255)
Vertex: (4.85981, 1.6955, 26.4925)
Vertex: (5.02336, 1.86851, 28.7255)
Vertex: (5.60748, 2.49135, 37.6506)
Vertex: (6.98598, 4.77509, 71.6054)
Vertex: (6.98598, 5.0519, 74.3257)
Vertex: (2.8972, 5.08651, 34.2663)
Vertex: (4.41589, 5.25952, 47.1626)
Vertex: (5.44393, 5.25952, 57.2988)
Vertex: (3.43458, 5.32872, 40.1916)
Vertex: (4.81308, 5.36332, 51.931)
Vertex: (7.21963, 5.36332, 80.8882)
Vertex: (3.15421, 5.39792, 39.0866)
Vertex: (4.6028, 5.39792, 50.3234)
Vertex: (4.85981, 5.39792, 52.7554)
Vertex: (5, 5.39792, 54.1376)
Vertex: (5.11682, 5.39792, 55.3195)
Vertex: (5.18692, 5.39792, 56.0417)
Vertex: (4.29907, 5.43253, 47.9943)
Vertex: (5.56075, 5.43253, 60.4343)
Vertex: (5.67757, 5.43253, 61.7471)
Vertex: (3.50467, 5.88235, 46.8848)
Vertex: (6.3785, 5.98616, 76.5194)
Vertex: (8.34112, 6.02076, 105.824)
Vertex: (8.41121, 6.02076, 106.998)
Vertex: (1.51869, 6.05536, 38.9738)
Vertex: (3.50467, 6.05536, 48.9502)
Vertex: (6.54206, 6.19377, 81.1613)
Vertex: (7.57009, 6.19377, 95.6691)
Vertex: (3.31776, 6.29758, 50.667)
Vertex: (7.8271, 6.29758, 100.923)
Vertex: (2.05607, 6.33218, 44.3239)
Vertex: (6.4486, 6.33218, 81.6809)
Vertex: (6.54206, 6.33218, 82.895)
Vertex: (7.66355, 6.36678, 99.2659)
Vertex: (9.20561, 6.36678, 125.279)
Vertex: (2.21963, 6.40138, 45.9045)
Vertex: (7.59346, 6.43599, 99.0825)
Vertex: (2.1729, 6.47059, 46.59)
Vertex: (9.20561, 6.47059, 126.612)
Vertex: (2.28972, 6.50519, 47.5603)
Vertex: (7.00935, 6.50519, 91.4484)
Vertex: (7.05607, 6.53979, 92.5571)
Vertex: (2.85047, 6.57439, 51.3478)
Vertex: (7.57009, 6.57439, 100.529)
Vertex: (8.6215, 6.57439, 117.553)
Vertex: (1.33178, 6.609, 45.4525)
Vertex: (6.65888, 6.609, 88.0195)
Vertex: (7.38318, 6.609, 98.1901)
Vertex: (2.5, 6.6436, 50.3874)
Vertex: (3.20093, 6.6436, 54.3834)
Vertex: (7.33645, 6.6782, 98.4218)
Vertex: (8.31776, 6.6782, 113.783)
Vertex: (1.56542, 6.7128, 47.5123)
Vertex: (6.61215, 6.7128, 88.7822)
Vertex: (3.27103, 6.74741, 56.2271)
Vertex: (6.89252, 6.74741, 93.0344)
Vertex: (2.54673, 6.78201, 52.4814)
Vertex: (2.96729, 6.78201, 54.8004)
Vertex: (1.89252, 6.81661, 50.0478)
Vertex: (7.96729, 6.81661, 109.944)
Vertex: (6.93925, 6.85121, 95.0923)
Vertex: (7.31308, 6.85121, 100.42)
Vertex: (8.15421, 6.85121, 113.43)
Vertex: (1.72897, 6.88581, 50.4038)
Vertex: (2.94393, 6.88581, 56.0811)
Vertex: (3.27103, 6.88581, 58.114)
Vertex: (8.03738, 6.88581, 112.014)
Vertex: (0.864486, 6.92042, 48.6395)
Vertex: (2.47664, 6.92042, 54.0259)
Vertex: (8.99533, 6.95502, 129.288)
Vertex: (9.41589, 6.95502, 137.031)
Vertex: (0.46729, 6.98962, 49.0731)
Vertex: (0.864486, 6.98962, 49.6021)
Vertex: (6.72897, 6.98962, 94.1338)
Vertex: (8.10748, 6.98962, 114.586)
Vertex: (1.7757, 7.02422, 52.4928)
Vertex: (2.75701, 7.02422, 56.9408)
Vertex: (7.12617, 7.02422, 100.122)
Vertex: (7.33645, 7.02422, 103.163)
Vertex: (7.40654, 7.02422, 104.197)
Vertex: (9.15888, 7.02422, 133.225)
Vertex: (9.2757, 7.02422, 135.378)
Vertex: (9.39252, 7.02422, 137.559)
Vertex: (0.560748, 7.05882, 50.1414)
Vertex: (2.35981, 7.05882, 55.3957)
Vertex: (2.85047, 7.05882, 57.9522)
Vertex: (3.15421, 7.05882, 59.776)
Vertex: (7.92056, 7.05882, 112.562)
Vertex: (8.20093, 7.05882, 117.082)
Vertex: (0.864486, 7.09343, 51.064)
Vertex: (8.03738, 7.09343, 114.916)
Vertex: (9.11215, 7.09343, 133.348)
Vertex: (0.537383, 7.12803, 51.0976)
Vertex: (0.630841, 7.12803, 51.2067)
Vertex: (0.747664, 7.12803, 51.3678)
Vertex: (1.75234, 7.12803, 53.8795)
Vertex: (8.13084, 7.12803, 116.919)
Vertex: (9.22897, 7.12803, 135.983)
Vertex: (9.34579, 7.12803, 138.153)
Vertex: (9.15888, 7.16263, 135.188)
Vertex: (9.2757, 7.16263, 137.342)
Vertex: (0.700935, 7.19723, 52.2915)
Vertex: (8.45794, 7.23183, 123.836)
Vertex: (6.61215, 7.40484, 98.5522)
Vertex: (1.91589, 7.43945, 59.016)
Vertex: (3.31776, 7.43945, 66.3529)
Vertex: (4.92991, 7.43945, 79.6493)
Vertex: (9.41589, 7.47405, 144.52)
Vertex: (0.490654, 7.50865, 56.6206)
Vertex: (4.46262, 7.50865, 76.2948)
Vertex: (4.74299, 7.50865, 78.8758)
Vertex: (5.11682, 7.50865, 82.5617)
Vertex: (5.46729, 7.50865, 86.2711)
Vertex: (0.88785, 7.54325, 57.6889)
Vertex: (5.28037, 7.54325, 84.783)
Vertex: (4.18224, 7.57785, 74.915)
Vertex: (4.36916, 7.64706, 77.5671)
Vertex: (5.49065, 7.64706, 88.6248)
Vertex: (4.2757, 7.71626, 77.8223)
Vertex: (5.58411, 7.71626, 90.723)
Vertex: (4.2757, 7.82007, 79.4351)
Vertex: (5.60748, 7.85467, 93.1397)
Vertex: (7.12617, 7.95848, 114.12)
Vertex: (4.08879, 7.99308, 80.6075)
Vertex: (1.65888, 8.09689, 68.3114)
Vertex: (4.95327, 8.85813, 103.001)
Vertex: (9.43925, 9.10035, 171.916)
Vertex: (0.443925, 9.13495, 83.6443)
Vertex: (0.934579, 9.13495, 84.3207)
Vertex: (8.97196, 9.13495, 163.943)
Vertex: (2.40654, 9.44637, 95.0253)
Vertex: (3.08411, 9.44637, 98.7456)
Vertex: (6.75234, 9.44637, 134.828)
Vertex: (7.12617, 9.44637, 140.016)
Vertex: (2.85047, 9.48097, 98.0139)
Edge: [4.90654, 0.726644, 24.6022, 4.97664, 0.657439, 25.1991]
Edge: [4.90654, 0.726644, 24.6022, 4.90654, 0.449827, 24.2765]
Edge: [4.97664, 0.657439, 25.1991, 4.90654, 0.449827, 24.2765]
Edge: [4.90654, 0.726644, 24.6022, 4.92991, 0.865052, 25.0523]
Edge: [4.97664, 0.657439, 25.1991, 4.92991, 0.865052, 25.0523]
Edge: [4.90654, 0.726644, 24.6022, 4.92991, 0.968858, 25.2427]
Edge: [4.92991, 0.865052, 25.0523, 4.92991, 0.968858, 25.2427]
Edge: [4.97664, 0.657439, 25.1991, 4.97664, 1.10727, 25.9929]
Edge: [4.92991, 0.865052, 25.0523, 4.97664, 1.10727, 25.9929]
Edge: [4.92991, 0.968858, 25.2427, 4.97664, 1.10727, 25.9929]
Edge: [4.97664, 1.10727, 25.9929, 4.97664, 1.31488, 26.4958]
Edge: [4.90654, 0.726644, 24.6022, 4.85981, 1.34948, 25.4389]
Edge: [4.90654, 0.449827, 24.2765, 4.85981, 1.34948, 25.4389]
Edge: [4.92991, 0.968858, 25.2427, 4.85981, 1.34948, 25.4389]
Edge: [4.97664, 1.10727, 25.9929, 4.85981, 1.34948, 25.4389]
Edge: [4.97664, 1.31488, 26.4958, 4.85981, 1.34948, 25.4389]
Edge: [4.85981, 1.34948, 25.4389, 4.85981, 1.45329, 25.7298]
Edge: [4.97664, 1.31488, 26.4958, 4.97664, 1.45329, 26.8789]
Edge: [4.85981, 1.34948, 25.4389, 4.97664, 1.45329, 26.8789]
Edge: [4.85981, 1.45329, 25.7298, 4.97664, 1.45329, 26.8789]
Edge: [4.85981, 1.45329, 25.7298, 4.97664, 1.55709, 27.1914]
Edge: [4.97664, 1.45329, 26.8789, 4.97664, 1.55709, 27.1914]
Edge: [4.85981, 1.45329, 25.7298, 4.88318, 1.5917, 26.3789]
Edge: [4.97664, 1.55709, 27.1914, 4.88318, 1.5917, 26.3789]
Edge: [4.97664, 1.55709, 27.1914, 4.97664, 1.6609, 27.5255]
Edge: [4.88318, 1.5917, 26.3789, 4.97664, 1.6609, 27.5255]
Edge: [4.85981, 1.45329, 25.7298, 4.85981, 1.6955, 26.4925]
Edge: [4.88318, 1.5917, 26.3789, 4.85981, 1.6955, 26.4925]
Edge: [4.97664, 1.6609, 27.5255, 4.85981, 1.6955, 26.4925]
Edge: [4.97664, 1.55709, 27.1914, 5.02336, 1.86851, 28.7255]
Edge: [4.97664, 1.6609, 27.5255, 5.02336, 1.86851, 28.7255]
Edge: [4.85981, 1.6955, 26.4925, 5.02336, 1.86851, 28.7255]
Edge: [4.97664, 0.657439, 25.1991, 5.60748, 2.49135, 37.6506]
Edge: [4.97664, 1.10727, 25.9929, 5.60748, 2.49135, 37.6506]
Edge: [4.97664, 1.31488, 26.4958, 5.60748, 2.49135, 37.6506]
Edge: [4.97664, 1.45329, 26.8789, 5.60748, 2.49135, 37.6506]
Edge: [4.97664, 1.55709, 27.1914, 5.60748, 2.49135, 37.6506]
Edge: [5.02336, 1.86851, 28.7255, 5.60748, 2.49135, 37.6506]
Edge: [5.60748, 2.49135, 37.6506, 6.98598, 4.77509, 71.6054]
Edge: [6.98598, 4.77509, 71.6054, 6.98598, 5.0519, 74.3257]
Edge: [4.90654, 0.449827, 24.2765, 2.8972, 5.08651, 34.2663]
Edge: [4.85981, 1.34948, 25.4389, 2.8972, 5.08651, 34.2663]
Edge: [4.85981, 1.45329, 25.7298, 2.8972, 5.08651, 34.2663]
Edge: [4.85981, 1.6955, 26.4925, 2.8972, 5.08651, 34.2663]
Edge: [5.02336, 1.86851, 28.7255, 2.8972, 5.08651, 34.2663]
Edge: [5.02336, 1.86851, 28.7255, 4.41589, 5.25952, 47.1626]
Edge: [5.60748, 2.49135, 37.6506, 4.41589, 5.25952, 47.1626]
Edge: [2.8972, 5.08651, 34.2663, 4.41589, 5.25952, 47.1626]
Edge: [5.60748, 2.49135, 37.6506, 5.44393, 5.25952, 57.2988]
Edge: [6.98598, 4.77509, 71.6054, 5.44393, 5.25952, 57.2988]
Edge: [4.41589, 5.25952, 47.1626, 5.44393, 5.25952, 57.2988]
Edge: [2.8972, 5.08651, 34.2663, 3.43458, 5.32872, 40.1916]
Edge: [4.41589, 5.25952, 47.1626, 3.43458, 5.32872, 40.1916]
Edge: [5.44393, 5.25952, 57.2988, 4.81308, 5.36332, 51.931]
Edge: [4.41589, 5.25952, 47.1626, 4.81308, 5.36332, 51.931]
Edge: [6.98598, 4.77509, 71.6054, 7.21963, 5.36332, 80.8882]
Edge: [6.98598, 5.0519, 74.3257, 7.21963, 5.36332, 80.8882]
Edge: [2.8972, 5.08651, 34.2663, 3.15421, 5.39792, 39.0866]
Edge: [3.43458, 5.32872, 40.1916, 3.15421, 5.39792, 39.0866]
Edge: [4.41589, 5.25952, 47.1626, 4.6028, 5.39792, 50.3234]
Edge: [4.81308, 5.36332, 51.931, 4.6028, 5.39792, 50.3234]
Edge: [4.81308, 5.36332, 51.931, 4.85981, 5.39792, 52.7554]
Edge: [4.6028, 5.39792, 50.3234, 4.85981, 5.39792, 52.7554]
Edge: [5.44393, 5.25952, 57.2988, 5, 5.39792, 54.1376]
Edge: [4.81308, 5.36332, 51.931, 5, 5.39792, 54.1376]
Edge: [4.85981, 5.39792, 52.7554, 5, 5.39792, 54.1376]
Edge: [5.44393, 5.25952, 57.2988, 5.11682, 5.39792, 55.3195]
Edge: [5, 5.39792, 54.1376, 5.11682, 5.39792, 55.3195]
Edge: [5.44393, 5.25952, 57.2988, 5.18692, 5.39792, 56.0417]
Edge: [5.11682, 5.39792, 55.3195, 5.18692, 5.39792, 56.0417]
Edge: [4.41589, 5.25952, 47.1626, 4.29907, 5.43253, 47.9943]
Edge: [3.43458, 5.32872, 40.1916, 4.29907, 5.43253, 47.9943]
Edge: [4.6028, 5.39792, 50.3234, 4.29907, 5.43253, 47.9943]
Edge: [5.44393, 5.25952, 57.2988, 5.56075, 5.43253, 60.4343]
Edge: [5.18692, 5.39792, 56.0417, 5.56075, 5.43253, 60.4343]
Edge: [6.98598, 4.77509, 71.6054, 5.67757, 5.43253, 61.7471]
Edge: [6.98598, 5.0519, 74.3257, 5.67757, 5.43253, 61.7471]
Edge: [5.44393, 5.25952, 57.2988, 5.67757, 5.43253, 61.7471]
Edge: [5.56075, 5.43253, 60.4343, 5.67757, 5.43253, 61.7471]
Edge: [3.15421, 5.39792, 39.0866, 3.50467, 5.88235, 46.8848]
Edge: [3.43458, 5.32872, 40.1916, 3.50467, 5.88235, 46.8848]
Edge: [4.29907, 5.43253, 47.9943, 3.50467, 5.88235, 46.8848]
Edge: [6.98598, 5.0519, 74.3257, 6.3785, 5.98616, 76.5194]
Edge: [7.21963, 5.36332, 80.8882, 6.3785, 5.98616, 76.5194]
Edge: [5.56075, 5.43253, 60.4343, 6.3785, 5.98616, 76.5194]
Edge: [5.67757, 5.43253, 61.7471, 6.3785, 5.98616, 76.5194]
Edge: [7.21963, 5.36332, 80.8882, 8.34112, 6.02076, 105.824]
Edge: [6.98598, 4.77509, 71.6054, 8.41121, 6.02076, 106.998]
Edge: [7.21963, 5.36332, 80.8882, 8.41121, 6.02076, 106.998]
Edge: [8.34112, 6.02076, 105.824, 8.41121, 6.02076, 106.998]
Edge: [4.90654, 0.449827, 24.2765, 1.51869, 6.05536, 38.9738]
Edge: [2.8972, 5.08651, 34.2663, 1.51869, 6.05536, 38.9738]
Edge: [4.29907, 5.43253, 47.9943, 3.50467, 6.05536, 48.9502]
Edge: [3.50467, 5.88235, 46.8848, 3.50467, 6.05536, 48.9502]
Edge: [7.21963, 5.36332, 80.8882, 6.54206, 6.19377, 81.1613]
Edge: [6.3785, 5.98616, 76.5194, 6.54206, 6.19377, 81.1613]
Edge: [7.21963, 5.36332, 80.8882, 7.57009, 6.19377, 95.6691]
Edge: [8.34112, 6.02076, 105.824, 7.57009, 6.19377, 95.6691]
Edge: [6.54206, 6.19377, 81.1613, 7.57009, 6.19377, 95.6691]
Edge: [3.15421, 5.39792, 39.0866, 3.31776, 6.29758, 50.667]
Edge: [3.50467, 5.88235, 46.8848, 3.31776, 6.29758, 50.667]
Edge: [3.50467, 6.05536, 48.9502, 3.31776, 6.29758, 50.667]
Edge: [8.34112, 6.02076, 105.824, 7.8271, 6.29758, 100.923]
Edge: [7.57009, 6.19377, 95.6691, 7.8271, 6.29758, 100.923]
Edge: [2.8972, 5.08651, 34.2663, 2.05607, 6.33218, 44.3239]
Edge: [1.51869, 6.05536, 38.9738, 2.05607, 6.33218, 44.3239]
Edge: [5.56075, 5.43253, 60.4343, 6.4486, 6.33218, 81.6809]
Edge: [6.3785, 5.98616, 76.5194, 6.4486, 6.33218, 81.6809]
Edge: [6.54206, 6.19377, 81.1613, 6.4486, 6.33218, 81.6809]
Edge: [6.54206, 6.19377, 81.1613, 6.54206, 6.33218, 82.895]
Edge: [6.4486, 6.33218, 81.6809, 6.54206, 6.33218, 82.895]
Edge: [7.8271, 6.29758, 100.923, 7.66355, 6.36678, 99.2659]
Edge: [7.57009, 6.19377, 95.6691, 7.66355, 6.36678, 99.2659]
Edge: [4.97664, 0.657439, 25.1991, 9.20561, 6.36678, 125.279]
Edge: [4.90654, 0.449827, 24.2765, 9.20561, 6.36678, 125.279]
Edge: [5.60748, 2.49135, 37.6506, 9.20561, 6.36678, 125.279]
Edge: [6.98598, 4.77509, 71.6054, 9.20561, 6.36678, 125.279]
Edge: [8.41121, 6.02076, 106.998, 9.20561, 6.36678, 125.279]
Edge: [2.8972, 5.08651, 34.2663, 2.21963, 6.40138, 45.9045]
Edge: [3.15421, 5.39792, 39.0866, 2.21963, 6.40138, 45.9045]
Edge: [2.05607, 6.33218, 44.3239, 2.21963, 6.40138, 45.9045]
Edge: [7.57009, 6.19377, 95.6691, 7.59346, 6.43599, 99.0825]
Edge: [7.66355, 6.36678, 99.2659, 7.59346, 6.43599, 99.0825]
Edge: [2.05607, 6.33218, 44.3239, 2.1729, 6.47059, 46.59]
Edge: [2.21963, 6.40138, 45.9045, 2.1729, 6.47059, 46.59]
Edge: [9.20561, 6.36678, 125.279, 9.20561, 6.47059, 126.612]
Edge: [2.21963, 6.40138, 45.9045, 2.28972, 6.50519, 47.5603]
Edge: [2.1729, 6.47059, 46.59, 2.28972, 6.50519, 47.5603]
Edge: [6.54206, 6.19377, 81.1613, 7.00935, 6.50519, 91.4484]
Edge: [7.57009, 6.19377, 95.6691, 7.00935, 6.50519, 91.4484]
Edge: [6.54206, 6.33218, 82.895, 7.00935, 6.50519, 91.4484]
Edge: [7.57009, 6.19377, 95.6691, 7.05607, 6.53979, 92.5571]
Edge: [7.00935, 6.50519, 91.4484, 7.05607, 6.53979, 92.5571]
Edge: [3.15421, 5.39792, 39.0866, 2.85047, 6.57439, 51.3478]
Edge: [3.31776, 6.29758, 50.667, 2.85047, 6.57439, 51.3478]
Edge: [2.21963, 6.40138, 45.9045, 2.85047, 6.57439, 51.3478]
Edge: [2.28972, 6.50519, 47.5603, 2.85047, 6.57439, 51.3478]
Edge: [7.66355, 6.36678, 99.2659, 7.57009, 6.57439, 100.529]
Edge: [7.59346, 6.43599, 99.0825, 7.57009, 6.57439, 100.529]
Edge: [8.34112, 6.02076, 105.824, 8.6215, 6.57439, 117.553]
Edge: [8.41121, 6.02076, 106.998, 8.6215, 6.57439, 117.553]
Edge: [9.20561, 6.36678, 125.279, 8.6215, 6.57439, 117.553]
Edge: [9.20561, 6.47059, 126.612, 8.6215, 6.57439, 117.553]
Edge: [1.51869, 6.05536, 38.9738, 1.33178, 6.609, 45.4525]
Edge: [6.4486, 6.33218, 81.6809, 6.65888, 6.609, 88.0195]
Edge: [6.54206, 6.33218, 82.895, 6.65888, 6.609, 88.0195]
Edge: [7.00935, 6.50519, 91.4484, 6.65888, 6.609, 88.0195]
Edge: [7.57009, 6.19377, 95.6691, 7.38318, 6.609, 98.1901]
Edge: [7.59346, 6.43599, 99.0825, 7.38318, 6.609, 98.1901]
Edge: [7.05607, 6.53979, 92.5571, 7.38318, 6.609, 98.1901]
Edge: [7.57009, 6.57439, 100.529, 7.38318, 6.609, 98.1901]
Edge: [2.28972, 6.50519, 47.5603, 2.5, 6.6436, 50.3874]
Edge: [2.85047, 6.57439, 51.3478, 2.5, 6.6436, 50.3874]
Edge: [3.31776, 6.29758, 50.667, 3.20093, 6.6436, 54.3834]
Edge: [2.85047, 6.57439, 51.3478, 3.20093, 6.6436, 54.3834]
Edge: [7.57009, 6.57439, 100.529, 7.33645, 6.6782, 98.4218]
Edge: [7.05607, 6.53979, 92.5571, 7.33645, 6.6782, 98.4218]
Edge: [7.38318, 6.609, 98.1901, 7.33645, 6.6782, 98.4218]
Edge: [8.34112, 6.02076, 105.824, 8.31776, 6.6782, 113.783]
Edge: [7.8271, 6.29758, 100.923, 8.31776, 6.6782, 113.783]
Edge: [8.6215, 6.57439, 117.553, 8.31776, 6.6782, 113.783]
Edge: [1.51869, 6.05536, 38.9738, 1.56542, 6.7128, 47.5123]
Edge: [2.05607, 6.33218, 44.3239, 1.56542, 6.7128, 47.5123]
Edge: [1.33178, 6.609, 45.4525, 1.56542, 6.7128, 47.5123]
Edge: [6.4486, 6.33218, 81.6809, 6.61215, 6.7128, 88.7822]
Edge: [6.65888, 6.609, 88.0195, 6.61215, 6.7128, 88.7822]
Edge: [3.50467, 6.05536, 48.9502, 3.27103, 6.74741, 56.2271]
Edge: [3.31776, 6.29758, 50.667, 3.27103, 6.74741, 56.2271]
Edge: [3.20093, 6.6436, 54.3834, 3.27103, 6.74741, 56.2271]
Edge: [7.00935, 6.50519, 91.4484, 6.89252, 6.74741, 93.0344]
Edge: [7.05607, 6.53979, 92.5571, 6.89252, 6.74741, 93.0344]
Edge: [6.65888, 6.609, 88.0195, 6.89252, 6.74741, 93.0344]
Edge: [6.61215, 6.7128, 88.7822, 6.89252, 6.74741, 93.0344]
Edge: [2.5, 6.6436, 50.3874, 2.54673, 6.78201, 52.4814]
Edge: [2.85047, 6.57439, 51.3478, 2.54673, 6.78201, 52.4814]
Edge: [2.85047, 6.57439, 51.3478, 2.96729, 6.78201, 54.8004]
Edge: [3.20093, 6.6436, 54.3834, 2.96729, 6.78201, 54.8004]
Edge: [3.27103, 6.74741, 56.2271, 2.96729, 6.78201, 54.8004]
Edge: [2.54673, 6.78201, 52.4814, 2.96729, 6.78201, 54.8004]
Edge: [2.05607, 6.33218, 44.3239, 1.89252, 6.81661, 50.0478]
Edge: [2.1729, 6.47059, 46.59, 1.89252, 6.81661, 50.0478]
Edge: [2.28972, 6.50519, 47.5603, 1.89252, 6.81661, 50.0478]
Edge: [1.56542, 6.7128, 47.5123, 1.89252, 6.81661, 50.0478]
Edge: [7.8271, 6.29758, 100.923, 7.96729, 6.81661, 109.944]
Edge: [7.66355, 6.36678, 99.2659, 7.96729, 6.81661, 109.944]
Edge: [7.57009, 6.57439, 100.529, 7.96729, 6.81661, 109.944]
Edge: [8.31776, 6.6782, 113.783, 7.96729, 6.81661, 109.944]
Edge: [7.05607, 6.53979, 92.5571, 6.93925, 6.85121, 95.0923]
Edge: [6.89252, 6.74741, 93.0344, 6.93925, 6.85121, 95.0923]
Edge: [7.57009, 6.57439, 100.529, 7.31308, 6.85121, 100.42]
Edge: [7.33645, 6.6782, 98.4218, 7.31308, 6.85121, 100.42]
Edge: [7.05607, 6.53979, 92.5571, 7.31308, 6.85121, 100.42]
Edge: [6.93925, 6.85121, 95.0923, 7.31308, 6.85121, 100.42]
Edge: [8.31776, 6.6782, 113.783, 8.15421, 6.85121, 113.43]
Edge: [7.96729, 6.81661, 109.944, 8.15421, 6.85121, 113.43]
Edge: [1.56542, 6.7128, 47.5123, 1.72897, 6.88581, 50.4038]
Edge: [1.89252, 6.81661, 50.0478, 1.72897, 6.88581, 50.4038]
Edge: [2.96729, 6.78201, 54.8004, 2.94393, 6.88581, 56.0811]
Edge: [2.54673, 6.78201, 52.4814, 2.94393, 6.88581, 56.0811]
Edge: [3.27103, 6.74741, 56.2271, 3.27103, 6.88581, 58.114]
Edge: [2.96729, 6.78201, 54.8004, 3.27103, 6.88581, 58.114]
Edge: [2.94393, 6.88581, 56.0811, 3.27103, 6.88581, 58.114]
Edge: [7.96729, 6.81661, 109.944, 8.03738, 6.88581, 112.014]
Edge: [8.15421, 6.85121, 113.43, 8.03738, 6.88581, 112.014]
Edge: [1.51869, 6.05536, 38.9738, 0.864486, 6.92042, 48.6395]
Edge: [1.33178, 6.609, 45.4525, 0.864486, 6.92042, 48.6395]
Edge: [2.28972, 6.50519, 47.5603, 2.47664, 6.92042, 54.0259]
Edge: [2.5, 6.6436, 50.3874, 2.47664, 6.92042, 54.0259]
Edge: [2.54673, 6.78201, 52.4814, 2.47664, 6.92042, 54.0259]
Edge: [1.89252, 6.81661, 50.0478, 2.47664, 6.92042, 54.0259]
Edge: [9.20561, 6.47059, 126.612, 8.99533, 6.95502, 129.288]
Edge: [8.6215, 6.57439, 117.553, 8.99533, 6.95502, 129.288]
Edge: [4.90654, 0.449827, 24.2765, 9.41589, 6.95502, 137.031]
Edge: [9.20561, 6.36678, 125.279, 9.41589, 6.95502, 137.031]
Edge: [9.20561, 6.47059, 126.612, 9.41589, 6.95502, 137.031]
Edge: [4.90654, 0.449827, 24.2765, 0.46729, 6.98962, 49.0731]
Edge: [1.51869, 6.05536, 38.9738, 0.46729, 6.98962, 49.0731]
Edge: [0.864486, 6.92042, 48.6395, 0.46729, 6.98962, 49.0731]
Edge: [1.33178, 6.609, 45.4525, 0.864486, 6.98962, 49.6021]
Edge: [1.56542, 6.7128, 47.5123, 0.864486, 6.98962, 49.6021]
Edge: [0.864486, 6.92042, 48.6395, 0.864486, 6.98962, 49.6021]
Edge: [6.61215, 6.7128, 88.7822, 6.72897, 6.98962, 94.1338]
Edge: [6.89252, 6.74741, 93.0344, 6.72897, 6.98962, 94.1338]
Edge: [6.93925, 6.85121, 95.0923, 6.72897, 6.98962, 94.1338]
Edge: [8.15421, 6.85121, 113.43, 8.10748, 6.98962, 114.586]
Edge: [8.03738, 6.88581, 112.014, 8.10748, 6.98962, 114.586]
Edge: [1.72897, 6.88581, 50.4038, 1.7757, 7.02422, 52.4928]
Edge: [1.89252, 6.81661, 50.0478, 1.7757, 7.02422, 52.4928]
Edge: [2.54673, 6.78201, 52.4814, 2.75701, 7.02422, 56.9408]
Edge: [2.94393, 6.88581, 56.0811, 2.75701, 7.02422, 56.9408]
Edge: [2.47664, 6.92042, 54.0259, 2.75701, 7.02422, 56.9408]
Edge: [6.93925, 6.85121, 95.0923, 7.12617, 7.02422, 100.122]
Edge: [7.31308, 6.85121, 100.42, 7.12617, 7.02422, 100.122]
Edge: [6.72897, 6.98962, 94.1338, 7.12617, 7.02422, 100.122]
Edge: [7.31308, 6.85121, 100.42, 7.33645, 7.02422, 103.163]
Edge: [7.12617, 7.02422, 100.122, 7.33645, 7.02422, 103.163]
Edge: [7.57009, 6.57439, 100.529, 7.40654, 7.02422, 104.197]
Edge: [7.96729, 6.81661, 109.944, 7.40654, 7.02422, 104.197]
Edge: [7.31308, 6.85121, 100.42, 7.40654, 7.02422, 104.197]
Edge: [7.33645, 7.02422, 103.163, 7.40654, 7.02422, 104.197]
Edge: [9.20561, 6.47059, 126.612, 9.15888, 7.02422, 133.225]
Edge: [8.99533, 6.95502, 129.288, 9.15888, 7.02422, 133.225]
Edge: [9.20561, 6.47059, 126.612, 9.2757, 7.02422, 135.378]
Edge: [9.41589, 6.95502, 137.031, 9.2757, 7.02422, 135.378]
Edge: [9.15888, 7.02422, 133.225, 9.2757, 7.02422, 135.378]
Edge: [9.41589, 6.95502, 137.031, 9.39252, 7.02422, 137.559]
Edge: [9.2757, 7.02422, 135.378, 9.39252, 7.02422, 137.559]
Edge: [0.864486, 6.92042, 48.6395, 0.560748, 7.05882, 50.1414]
Edge: [0.46729, 6.98962, 49.0731, 0.560748, 7.05882, 50.1414]
Edge: [0.864486, 6.98962, 49.6021, 0.560748, 7.05882, 50.1414]
Edge: [1.89252, 6.81661, 50.0478, 2.35981, 7.05882, 55.3957]
Edge: [2.47664, 6.92042, 54.0259, 2.35981, 7.05882, 55.3957]
Edge: [1.7757, 7.02422, 52.4928, 2.35981, 7.05882, 55.3957]
Edge: [2.75701, 7.02422, 56.9408, 2.35981, 7.05882, 55.3957]
Edge: [2.94393, 6.88581, 56.0811, 2.85047, 7.05882, 57.9522]
Edge: [2.75701, 7.02422, 56.9408, 2.85047, 7.05882, 57.9522]
Edge: [2.35981, 7.05882, 55.3957, 2.85047, 7.05882, 57.9522]
Edge: [2.94393, 6.88581, 56.0811, 3.15421, 7.05882, 59.776]
Edge: [3.27103, 6.88581, 58.114, 3.15421, 7.05882, 59.776]
Edge: [2.85047, 7.05882, 57.9522, 3.15421, 7.05882, 59.776]
Edge: [7.96729, 6.81661, 109.944, 7.92056, 7.05882, 112.562]
Edge: [8.03738, 6.88581, 112.014, 7.92056, 7.05882, 112.562]
Edge: [8.10748, 6.98962, 114.586, 7.92056, 7.05882, 112.562]
Edge: [7.40654, 7.02422, 104.197, 7.92056, 7.05882, 112.562]
Edge: [8.31776, 6.6782, 113.783, 8.20093, 7.05882, 117.082]
Edge: [8.15421, 6.85121, 113.43, 8.20093, 7.05882, 117.082]
Edge: [8.10748, 6.98962, 114.586, 8.20093, 7.05882, 117.082]
Edge: [1.56542, 6.7128, 47.5123, 0.864486, 7.09343, 51.064]
Edge: [0.864486, 6.98962, 49.6021, 0.864486, 7.09343, 51.064]
Edge: [8.10748, 6.98962, 114.586, 8.03738, 7.09343, 114.916]
Edge: [7.92056, 7.05882, 112.562, 8.03738, 7.09343, 114.916]
Edge: [8.99533, 6.95502, 129.288, 9.11215, 7.09343, 133.348]
Edge: [9.15888, 7.02422, 133.225, 9.11215, 7.09343, 133.348]
Edge: [0.46729, 6.98962, 49.0731, 0.537383, 7.12803, 51.0976]
Edge: [0.560748, 7.05882, 50.1414, 0.537383, 7.12803, 51.0976]
Edge: [0.560748, 7.05882, 50.1414, 0.630841, 7.12803, 51.2067]
Edge: [0.537383, 7.12803, 51.0976, 0.630841, 7.12803, 51.2067]
Edge: [0.864486, 6.98962, 49.6021, 0.747664, 7.12803, 51.3678]
Edge: [0.560748, 7.05882, 50.1414, 0.747664, 7.12803, 51.3678]
Edge: [0.864486, 7.09343, 51.064, 0.747664, 7.12803, 51.3678]
Edge: [0.630841, 7.12803, 51.2067, 0.747664, 7.12803, 51.3678]
Edge: [1.56542, 6.7128, 47.5123, 1.75234, 7.12803, 53.8795]
Edge: [1.72897, 6.88581, 50.4038, 1.75234, 7.12803, 53.8795]
Edge: [1.7757, 7.02422, 52.4928, 1.75234, 7.12803, 53.8795]
Edge: [2.35981, 7.05882, 55.3957, 1.75234, 7.12803, 53.8795]
Edge: [0.864486, 7.09343, 51.064, 1.75234, 7.12803, 53.8795]
Edge: [8.10748, 6.98962, 114.586, 8.13084, 7.12803, 116.919]
Edge: [8.20093, 7.05882, 117.082, 8.13084, 7.12803, 116.919]
Edge: [8.03738, 7.09343, 114.916, 8.13084, 7.12803, 116.919]
Edge: [9.15888, 7.02422, 133.225, 9.22897, 7.12803, 135.983]
Edge: [9.2757, 7.02422, 135.378, 9.22897, 7.12803, 135.983]
Edge: [9.11215, 7.09343, 133.348, 9.22897, 7.12803, 135.983]
Edge: [9.39252, 7.02422, 137.559, 9.34579, 7.12803, 138.153]
Edge: [9.2757, 7.02422, 135.378, 9.34579, 7.12803, 138.153]
Edge: [9.22897, 7.12803, 135.983, 9.34579, 7.12803, 138.153]
Edge: [9.11215, 7.09343, 133.348, 9.15888, 7.16263, 135.188]
Edge: [9.22897, 7.12803, 135.983, 9.15888, 7.16263, 135.188]
Edge: [9.34579, 7.12803, 138.153, 9.2757, 7.16263, 137.342]
Edge: [9.22897, 7.12803, 135.983, 9.2757, 7.16263, 137.342]
Edge: [9.15888, 7.16263, 135.188, 9.2757, 7.16263, 137.342]
Edge: [0.537383, 7.12803, 51.0976, 0.700935, 7.19723, 52.2915]
Edge: [0.630841, 7.12803, 51.2067, 0.700935, 7.19723, 52.2915]
Edge: [0.864486, 7.09343, 51.064, 0.700935, 7.19723, 52.2915]
Edge: [0.747664, 7.12803, 51.3678, 0.700935, 7.19723, 52.2915]
Edge: [8.6215, 6.57439, 117.553, 8.45794, 7.23183, 123.836]
Edge: [8.31776, 6.6782, 113.783, 8.45794, 7.23183, 123.836]
Edge: [8.99533, 6.95502, 129.288, 8.45794, 7.23183, 123.836]
Edge: [8.20093, 7.05882, 117.082, 8.45794, 7.23183, 123.836]
Edge: [9.11215, 7.09343, 133.348, 8.45794, 7.23183, 123.836]
Edge: [8.13084, 7.12803, 116.919, 8.45794, 7.23183, 123.836]
Edge: [9.15888, 7.16263, 135.188, 8.45794, 7.23183, 123.836]
Edge: [6.61215, 6.7128, 88.7822, 6.61215, 7.40484, 98.5522]
Edge: [6.72897, 6.98962, 94.1338, 6.61215, 7.40484, 98.5522]
Edge: [7.12617, 7.02422, 100.122, 6.61215, 7.40484, 98.5522]
Edge: [2.35981, 7.05882, 55.3957, 1.91589, 7.43945, 59.016]
Edge: [2.85047, 7.05882, 57.9522, 1.91589, 7.43945, 59.016]
Edge: [1.75234, 7.12803, 53.8795, 1.91589, 7.43945, 59.016]
Edge: [3.27103, 6.88581, 58.114, 3.31776, 7.43945, 66.3529]
Edge: [3.15421, 7.05882, 59.776, 3.31776, 7.43945, 66.3529]
Edge: [2.85047, 7.05882, 57.9522, 3.31776, 7.43945, 66.3529]
Edge: [1.91589, 7.43945, 59.016, 3.31776, 7.43945, 66.3529]
Edge: [4.6028, 5.39792, 50.3234, 4.92991, 7.43945, 79.6493]
Edge: [4.85981, 5.39792, 52.7554, 4.92991, 7.43945, 79.6493]
Edge: [5, 5.39792, 54.1376, 4.92991, 7.43945, 79.6493]
Edge: [5.11682, 5.39792, 55.3195, 4.92991, 7.43945, 79.6493]
Edge: [5.18692, 5.39792, 56.0417, 4.92991, 7.43945, 79.6493]
Edge: [4.29907, 5.43253, 47.9943, 4.92991, 7.43945, 79.6493]
Edge: [5.56075, 5.43253, 60.4343, 4.92991, 7.43945, 79.6493]
Edge: [9.41589, 6.95502, 137.031, 9.41589, 7.47405, 144.52]
Edge: [9.39252, 7.02422, 137.559, 9.41589, 7.47405, 144.52]
Edge: [9.34579, 7.12803, 138.153, 9.41589, 7.47405, 144.52]
Edge: [9.2757, 7.16263, 137.342, 9.41589, 7.47405, 144.52]
Edge: [9.15888, 7.16263, 135.188, 9.41589, 7.47405, 144.52]
Edge: [8.45794, 7.23183, 123.836, 9.41589, 7.47405, 144.52]
Edge: [0.46729, 6.98962, 49.0731, 0.490654, 7.50865, 56.6206]
Edge: [0.537383, 7.12803, 51.0976, 0.490654, 7.50865, 56.6206]
Edge: [0.700935, 7.19723, 52.2915, 0.490654, 7.50865, 56.6206]
Edge: [4.29907, 5.43253, 47.9943, 4.46262, 7.50865, 76.2948]
Edge: [3.50467, 6.05536, 48.9502, 4.46262, 7.50865, 76.2948]
Edge: [3.27103, 6.74741, 56.2271, 4.46262, 7.50865, 76.2948]
Edge: [4.92991, 7.43945, 79.6493, 4.46262, 7.50865, 76.2948]
Edge: [4.92991, 7.43945, 79.6493, 4.74299, 7.50865, 78.8758]
Edge: [4.46262, 7.50865, 76.2948, 4.74299, 7.50865, 78.8758]
Edge: [4.92991, 7.43945, 79.6493, 5.11682, 7.50865, 82.5617]
Edge: [4.74299, 7.50865, 78.8758, 5.11682, 7.50865, 82.5617]
Edge: [5.56075, 5.43253, 60.4343, 5.46729, 7.50865, 86.2711]
Edge: [6.4486, 6.33218, 81.6809, 5.46729, 7.50865, 86.2711]
Edge: [6.61215, 6.7128, 88.7822, 5.46729, 7.50865, 86.2711]
Edge: [6.61215, 7.40484, 98.5522, 5.46729, 7.50865, 86.2711]
Edge: [4.92991, 7.43945, 79.6493, 5.46729, 7.50865, 86.2711]
Edge: [5.11682, 7.50865, 82.5617, 5.46729, 7.50865, 86.2711]
Edge: [0.864486, 7.09343, 51.064, 0.88785, 7.54325, 57.6889]
Edge: [1.75234, 7.12803, 53.8795, 0.88785, 7.54325, 57.6889]
Edge: [0.700935, 7.19723, 52.2915, 0.88785, 7.54325, 57.6889]
Edge: [1.91589, 7.43945, 59.016, 0.88785, 7.54325, 57.6889]
Edge: [0.490654, 7.50865, 56.6206, 0.88785, 7.54325, 57.6889]
Edge: [5.11682, 7.50865, 82.5617, 5.28037, 7.54325, 84.783]
Edge: [5.46729, 7.50865, 86.2711, 5.28037, 7.54325, 84.783]
Edge: [3.27103, 6.74741, 56.2271, 4.18224, 7.57785, 74.915]
Edge: [3.27103, 6.88581, 58.114, 4.18224, 7.57785, 74.915]
Edge: [3.31776, 7.43945, 66.3529, 4.18224, 7.57785, 74.915]
Edge: [4.46262, 7.50865, 76.2948, 4.18224, 7.57785, 74.915]
Edge: [4.46262, 7.50865, 76.2948, 4.36916, 7.64706, 77.5671]
Edge: [4.74299, 7.50865, 78.8758, 4.36916, 7.64706, 77.5671]
Edge: [4.18224, 7.57785, 74.915, 4.36916, 7.64706, 77.5671]
Edge: [5.46729, 7.50865, 86.2711, 5.49065, 7.64706, 88.6248]
Edge: [5.28037, 7.54325, 84.783, 5.49065, 7.64706, 88.6248]
Edge: [4.18224, 7.57785, 74.915, 4.2757, 7.71626, 77.8223]
Edge: [4.36916, 7.64706, 77.5671, 4.2757, 7.71626, 77.8223]
Edge: [6.61215, 7.40484, 98.5522, 5.58411, 7.71626, 90.723]
Edge: [5.46729, 7.50865, 86.2711, 5.58411, 7.71626, 90.723]
Edge: [5.49065, 7.64706, 88.6248, 5.58411, 7.71626, 90.723]
Edge: [4.74299, 7.50865, 78.8758, 4.2757, 7.82007, 79.4351]
Edge: [4.36916, 7.64706, 77.5671, 4.2757, 7.82007, 79.4351]
Edge: [4.2757, 7.71626, 77.8223, 4.2757, 7.82007, 79.4351]
Edge: [6.61215, 7.40484, 98.5522, 5.60748, 7.85467, 93.1397]
Edge: [5.11682, 7.50865, 82.5617, 5.60748, 7.85467, 93.1397]
Edge: [5.28037, 7.54325, 84.783, 5.60748, 7.85467, 93.1397]
Edge: [5.49065, 7.64706, 88.6248, 5.60748, 7.85467, 93.1397]
Edge: [5.58411, 7.71626, 90.723, 5.60748, 7.85467, 93.1397]
Edge: [7.12617, 7.02422, 100.122, 7.12617, 7.95848, 114.12]
Edge: [7.33645, 7.02422, 103.163, 7.12617, 7.95848, 114.12]
Edge: [7.40654, 7.02422, 104.197, 7.12617, 7.95848, 114.12]
Edge: [7.92056, 7.05882, 112.562, 7.12617, 7.95848, 114.12]
Edge: [8.03738, 7.09343, 114.916, 7.12617, 7.95848, 114.12]
Edge: [8.13084, 7.12803, 116.919, 7.12617, 7.95848, 114.12]
Edge: [8.45794, 7.23183, 123.836, 7.12617, 7.95848, 114.12]
Edge: [6.61215, 7.40484, 98.5522, 7.12617, 7.95848, 114.12]
Edge: [5.60748, 7.85467, 93.1397, 7.12617, 7.95848, 114.12]
Edge: [3.31776, 7.43945, 66.3529, 4.08879, 7.99308, 80.6075]
Edge: [4.18224, 7.57785, 74.915, 4.08879, 7.99308, 80.6075]
Edge: [4.2757, 7.71626, 77.8223, 4.08879, 7.99308, 80.6075]
Edge: [4.2757, 7.82007, 79.4351, 4.08879, 7.99308, 80.6075]
Edge: [1.91589, 7.43945, 59.016, 1.65888, 8.09689, 68.3114]
Edge: [3.31776, 7.43945, 66.3529, 1.65888, 8.09689, 68.3114]
Edge: [0.88785, 7.54325, 57.6889, 1.65888, 8.09689, 68.3114]
Edge: [4.74299, 7.50865, 78.8758, 4.95327, 8.85813, 103.001]
Edge: [5.11682, 7.50865, 82.5617, 4.95327, 8.85813, 103.001]
Edge: [4.2757, 7.82007, 79.4351, 4.95327, 8.85813, 103.001]
Edge: [5.60748, 7.85467, 93.1397, 4.95327, 8.85813, 103.001]
Edge: [4.08879, 7.99308, 80.6075, 4.95327, 8.85813, 103.001]
Edge: [4.90654, 0.449827, 24.2765, 9.43925, 9.10035, 171.916]
Edge: [9.41589, 6.95502, 137.031, 9.43925, 9.10035, 171.916]
Edge: [9.41589, 7.47405, 144.52, 9.43925, 9.10035, 171.916]
Edge: [4.90654, 0.449827, 24.2765, 0.443925, 9.13495, 83.6443]
Edge: [0.46729, 6.98962, 49.0731, 0.443925, 9.13495, 83.6443]
Edge: [0.490654, 7.50865, 56.6206, 0.443925, 9.13495, 83.6443]
Edge: [0.88785, 7.54325, 57.6889, 0.443925, 9.13495, 83.6443]
Edge: [9.43925, 9.10035, 171.916, 0.443925, 9.13495, 83.6443]
Edge: [0.88785, 7.54325, 57.6889, 0.934579, 9.13495, 84.3207]
Edge: [1.65888, 8.09689, 68.3114, 0.934579, 9.13495, 84.3207]
Edge: [0.443925, 9.13495, 83.6443, 0.934579, 9.13495, 84.3207]
Edge: [8.45794, 7.23183, 123.836, 8.97196, 9.13495, 163.943]
Edge: [9.41589, 7.47405, 144.52, 8.97196, 9.13495, 163.943]
Edge: [7.12617, 7.95848, 114.12, 8.97196, 9.13495, 163.943]
Edge: [9.43925, 9.10035, 171.916, 8.97196, 9.13495, 163.943]
Edge: [1.65888, 8.09689, 68.3114, 2.40654, 9.44637, 95.0253]
Edge: [9.43925, 9.10035, 171.916, 2.40654, 9.44637, 95.0253]
Edge: [0.443925, 9.13495, 83.6443, 2.40654, 9.44637, 95.0253]
Edge: [0.934579, 9.13495, 84.3207, 2.40654, 9.44637, 95.0253]
Edge: [3.31776, 7.43945, 66.3529, 3.08411, 9.44637, 98.7456]
Edge: [4.08879, 7.99308, 80.6075, 3.08411, 9.44637, 98.7456]
Edge: [4.95327, 8.85813, 103.001, 3.08411, 9.44637, 98.7456]
Edge: [5.60748, 7.85467, 93.1397, 6.75234, 9.44637, 134.828]
Edge: [7.12617, 7.95848, 114.12, 6.75234, 9.44637, 134.828]
Edge: [4.95327, 8.85813, 103.001, 6.75234, 9.44637, 134.828]
Edge: [3.08411, 9.44637, 98.7456, 6.75234, 9.44637, 134.828]
Edge: [7.12617, 7.95848, 114.12, 7.12617, 9.44637, 140.016]
Edge: [8.97196, 9.13495, 163.943, 7.12617, 9.44637, 140.016]
Edge: [9.43925, 9.10035, 171.916, 7.12617, 9.44637, 140.016]
Edge: [2.40654, 9.44637, 95.0253, 7.12617, 9.44637, 140.016]
Edge: [6.75234, 9.44637, 134.828, 7.12617, 9.44637, 140.016]
Edge: [3.31776, 7.43945, 66.3529, 2.85047, 9.48097, 98.0139]
Edge: [1.65888, 8.09689, 68.3114, 2.85047, 9.48097, 98.0139]
Edge: [2.40654, 9.44637, 95.0253, 2.85047, 9.48097, 98.0139]
Edge: [3.08411, 9.44637, 98.7456, 2.85047, 9.48097, 98.0139]
Edge: [6.75234, 9.44637, 134.828, 2.85047, 9.48097, 98.0139]
Edge: [7.12617, 9.44637, 140.016, 2.85047, 9.48097, 98.0139]
